NULL	GLY	ARO	TOTAL	GlyAvg	AroAvg	TotalAvg
1M	0	0	2	0	0	9.333333333
2A	0	0	12	0	0	10.5
3S	0	0	14	0	0	9.6
4N	0	0	14	0	0.4	9.6
5D	0	0	6	0	0.4	13.6
6Y	0	2	2	0	0.4	11.2
7T	0	0	32	0	0.4	14.2
8Q	0	0	2	0	0.4	14.8
9Q	0	0	29	0	0	17.8
10A	0	0	9	0	0	13.4
11T	0	0	17	0	0	15.8
12Q	0	0	10	0	0.2	10.2
13S	0	0	14	0.6	0.2	9
14Y	0	1	1	0.6	0.2	8.2
15G	3	0	3	0.6	0.6	6.6
16A	0	0	13	0.6	0.6	6.2
17Y	0	2	2	0.6	0.4	10.6
18P	0	0	12	0	0.4	13.4
19T	0	0	23	0	0.4	13.2
20Q	0	0	17	3.6	0	16.4
21P	0	0	12	3.6	0	14.4
22G	18	0	18	4.8	0	11
23Q	0	0	2	4.8	0	7.6
24G	6	0	6	4.8	0	6.6
25Y	0	0	0	1.2	0	3.4
26S	0	0	7	1.2	0	4.6
27Q	0	0	2	0	0	7
28Q	0	0	8	0	0	18.6
29S	0	0	18	0	0	17.4
30S	0	0	58	0	0	20
31Q	0	0	1	0	0.2	18.6
32P	0	0	15	3.2	0.2	18.2
33Y	0	1	1	3.2	0.2	6.8
34G	16	0	16	3.2	0.2	6.8
35Q	0	0	1	3.2	0.2	5.4
36Q	0	0	1	3.2	0.2	5.4
37S	0	0	8	0	0.2	10.2
38Y	0	1	1	1	0.2	11
39S	0	0	40	1	0.4	11
40G	5	0	5	1	0.4	27.8
41Y	0	1	1	1	0.2	28.2
42S	0	0	92	1	0.2	22.4
43Q	0	0	3	0	0.2	40.6
44S	0	0	11	0	0	43.4
45T	0	0	96	0	0	29.4
46D	0	0	15	0	0	30.2
47T	0	0	22	5.2	0	33.2
48S	0	0	7	5.2	0.6	14.6
49G	26	0	26	7.8	0.6	14.2
50Y	0	3	3	7.8	0.6	10.4
51G	13	0	13	7.8	0.6	12.8
52Q	0	0	3	2.6	0.6	12
53S	0	0	19	2.6	0.4	11.8
54S	0	0	22	0	0.4	14.2
55Y	0	2	2	0	0.4	14
56S	0	0	25	0	0.8	10.6
57S	0	0	2	0.6	0.8	6.8
58Y	0	2	2	0.6	0.4	7
59G	3	0	3	0.6	0.4	22.2
60Q	0	0	3	0.6	0.4	22.2
61S	0	0	101	0.6	0	29.2
62Q	0	0	2	0	0	36.6
63N	0	0	37	2	0	38
64T	0	0	40	2	0.6	18.4
65G	10	0	10	8.6	0.6	24.6
66Y	0	3	3	8.6	0.6	21
67G	33	0	33	8.6	0.6	14
68T	0	0	19	6.6	0.6	15
69Q	0	0	5	6.6	0	33.8
70S	0	0	15	0	0	29.4
71T	0	0	97	0	0	26.8
72P	0	0	11	2.8	0	28.6
73Q	0	0	6	2.8	0.2	25.8
74G	14	0	14	5.2	0.2	8.8
75Y	0	1	1	5.2	0.2	8.4
76G	12	0	12	5.2	0.2	17.2
77S	0	0	9	7.6	0.2	19.6
78T	0	0	50	8.4	0	20.2
79G	26	0	26	6	0.2	18
80G	4	0	4	8.4	0.2	18.6
81Y	0	1	1	8.4	0.2	14
82G	12	0	12	3.2	0.2	13
83S	0	0	27	2.4	0.2	13.6
84S	0	0	21	2.4	0	18.8
85Q	0	0	7	0	0	18.2
86S	0	0	27	0	0	14.2
87S	0	0	9	0	0	14.8
88Q	0	0	7	0	0	15.6
89S	0	0	24	0	0	10.2
90S	0	0	11	2	0	10.4
91Y	0	0	0	2	0	9.4
92G	10	0	10	2	0	6.8
93Q	0	0	2	2	0	5.6
94Q	0	0	11	2	0	5.6
95S	0	0	5	0	0	3.6
96S	0	0	0	0	0	5.8
97Y	0	0	0	4	0	7.6
98P	0	0	13	4	0	6.6
99G	20	0	20	10	0	12.6
100Y	0	0	0	10	0	12.6
101G	30	0	30	10	0	12.6
102Q	0	0	0	6	0	11
103Q	0	0	13	6	0	16.6
104P	0	0	12	0	0	15.4
105A	0	0	28	0	0	17.6
106P	0	0	24	0	0	16.8
107S	0	0	11	0	0	19.2
108S	0	0	9	0	0	18
109T	0	0	24	2	0	15.2
110S	0	0	22	2	0	14.2
111G	10	0	10	2	0.4	12.8
112S	0	0	6	3.8	0.4	9.8
113Y	0	2	2	3.8	0.4	13
114G	9	0	9	1.8	0.4	15.4
115S	0	0	38	1.8	0.4	15.4
116S	0	0	22	1.8	0	15.2
117S	0	0	6	0	0	17.8
118Q	0	0	1	0	0	12.2
119S	0	0	22	0	0	17.4
120S	0	0	10	0	0.2	16.4
121S	0	0	48	0.8	0.2	17
122Y	0	1	1	0.8	0.2	13.6
123G	4	0	4	0.8	0.2	14.2
124Q	0	0	5	0.8	0.2	11
125P	0	0	13	0.8	0	14.2
126Q	0	0	32	1	0	14.4
127S	0	0	17	1	0	36.6
128G	5	0	5	1	1	35
129S	0	0	116	1	1	52.4
130Y	0	5	5	1	1	50.4
131S	0	0	119	0	1	51.6
132Q	0	0	7	0	1	49.6
133Q	0	0	11	0	0	66.6
134P	0	0	106	0	0.6	43.4
135S	0	0	90	3.8	0.6	45.8
136Y	0	3	3	6.8	0.6	46.6
137G	19	0	19	6.8	0.6	26
138G	15	0	15	6.8	0.6	10.2
139Q	0	0	3	6.8	0	15.8
140Q	0	0	11	3	0	17.6
141Q	0	0	31	0	0.2	14.8
142S	0	0	28	2	0.2	16.2
143Y	0	1	1	2	0.2	14.6
144G	10	0	10	2	0.2	10.8
145Q	0	0	3	2	0.2	12
146Q	0	0	12	2	0	13.6
147Q	0	0	34	0	0.4	12
148S	0	0	9	0	0.4	13.8
149Y	0	2	2	0	0.4	14
150N	0	0	12	0	0.4	9.2
151P	0	0	13	0	0.4	7.8
152P	0	0	10	5	0	12.4
153Q	0	0	2	5	0.4	10.4
154G	25	0	25	6	0.4	8.8
155Y	0	2	2	6	0.4	7
156G	5	0	5	6	0.4	7
157Q	0	0	1	1	0.4	8.8
158Q	0	0	2	1	0	9
159N	0	0	34	0	0.4	8.4
160Q	0	0	3	0	0.4	14.6
161Y	0	2	2	0	0.4	18.8
162N	0	0	32	0	0.4	16.2
163S	0	0	23	0	0.4	23.2
164S	0	0	21	19	0	41.8
165S	0	0	38	29	0	45.4
166G	95	0	95	35.8	0	47.6
167G	50	0	50	42.2	0	49.8
168G	34	0	34	46.2	0	46.2
169G	32	0	32	34	0	34
170G	20	0	20	27.8	0	27.8
171G	34	0	34	23.2	0	23.2
172G	19	0	19	22	0	22
173G	11	0	11	19.4	0	19.4
174G	26	0	26	12.6	0	26.6
175G	7	0	7	8.8	0.4	23.2
176N	0	0	70	9	0.4	23.4
177Y	0	2	2	3.8	0.4	18.6
178G	12	0	12	2.4	0.4	18.2
179Q	0	0	2	2.4	0.4	7.4
180D	0	0	5	2.4	0	12.4
181Q	0	0	16	0	0	14
182S	0	0	27	0	0	16.2
183S	0	0	20	0	0	21.4
184M	0	0	13	0	0	33.6
185S	0	0	31	12.2	0	40.4
186S	0	0	77	20.4	0	44.6
187G	61	0	61	24.4	0	46
188G	41	0	41	24.4	0	57.6
189G	20	0	20	29	0	46.8
190S	0	0	89	18.4	0	36.2
191G	23	0	23	12.2	0	30
192G	8	0	8	8.2	1.4	27.4
193G	10	0	10	9.4	1.4	10.8
194Y	0	7	7	4.8	1.4	15.4
195G	6	0	6	3.2	1.4	15.6
196N	0	0	46	1.2	1.4	15.8
197Q	0	0	9	1.2	0	17.6
198D	0	0	11	0	0	21.4
199Q	0	0	16	6	0	18.2
200S	0	0	25	11.4	0	21.8
201G	30	0	30	18	0	26.2
202G	27	0	27	25.4	0	30.4
203G	33	0	33	25.4	0	46.2
204G	37	0	37	29.2	0	50
205S	0	0	104	29.8	0	50.6
206G	49	0	49	23.2	17.8	61.8
207G	30	0	30	18	17.8	56.6
208Y	0	89	89	18	17.8	38
209G	11	0	11	8.2	17.8	30.4
210Q	0	0	11	2.2	17.8	27.6
211Q	0	0	11	2.2	0	11.2
212D	0	0	16	3.4	0	12.4
213R	0	0	7	5.8	0	12.6
214G	17	0	17	5.8	0	11
215G	12	0	12	6.4	0	8.4
216R	0	0	3	6.4	0	8
217G	3	0	3	19.4	0	21
218R	0	0	5	34.6	0	36.2
219G	82	0	82	34.6	0	57.8
220G	88	0	88	52	0	75.2
221S	0	0	111	70.6	0	92.8
222G	90	0	90	71.8	0	94
223G	93	0	93	70	0	92.2
224G	88	0	88	87	0	87
225G	79	0	79	74.4	0	74.4
226G	85	0	85	60	0	60
227G	27	0	27	46.6	0	46.6
228G	21	0	21	32.6	0	32.6
229G	21	0	21	19	0	19
230G	9	0	9	13.6	6	19.6
231G	17	0	17	9.4	6	22.8
232Y	0	30	30	5.2	6	22
233N	0	0	37	3.4	6	26
234R	0	0	17	0	6	30
235S	0	0	29	4	0	28
236S	0	0	37	8.2	0	24.8
237G	20	0	20	8.2	5.4	26.8
238G	21	0	21	8.2	5.4	26.4
239Y	0	27	27	8.2	5.4	25
240E	0	0	27	4.2	5.4	25.2
241P	0	0	30	1.4	5.4	22.4
242R	0	0	21	1.4	0	19.6
243G	7	0	7	4.4	0	17.2
244R	0	0	13	4.4	0	11.2
245G	15	0	15	9	0	11.6
246G	0	0	0	7.6	0	10.2
247G	23	0	23	9.4	0	9.4
248R	0	0	0	7	0	7
249G	9	0	9	7	0	7.6
250G	3	0	3	2.4	0	3
251R	0	0	3	2.6	0	3.2
252G	0	0	0	0.8	0	1.4
253G	1	0	1	0.2	0	0.8
254M	0	0	0	2.4	0	2.4
255G	0	0	0	2.4	0	8
256G	11	0	11	2.2	0	11.6
257S	0	0	28	2.2	0	11.6
258D	0	0	19	2.4	0	11.8
259R	0	0	0	0.4	0	9.8
260G	1	0	1	0.4	0.2	4.4
261G	1	0	1	0.4	0.2	2
262F	0	1	1	0.4	0.2	2.2
263N	0	0	7	0.2	0.4	2.2
264K	0	0	1	0.2	0.4	2.2
265F	0	1	1	0.2	0.2	2
266G	1	0	1	0.2	0.2	1.4
267G	0	0	0	0.2	0.2	1.6
268P	0	0	4	0.2	0	2.4
269R	0	0	2	0	0	5
270D	0	0	5	0	0	5
271Q	0	0	14	0	0	8.2
272G	0	0	0	0	0	10
273S	0	0	20	0	0	11.2
274R	0	0	11	0	0	10.8
275H	0	0	11	0	0	14.8
276D	0	0	12	0	0	11.2
277S	0	0	20	0	0	9
278E	0	0	2	0	0	6.8
279Q	0	0	0	0	0	4.4
280D	0	0	0	0	0	0.4
281N	0	0	0	0	0	0
282S	0	0	0	0	0	0
283D	0	0	0	0	0	0
284N	0	0	0	0	0	0
285N	0	0	0	0	0	0
286T	0	0	0	0	0	0
287I	0	0	0	0	0	0
288F	0	0	0	0	0	0
289V	0	0	0	0.2	0	0.2
290Q	0	0	0	0.2	0	0.4
291G	1	0	1	0.2	0	0.4
292L	0	0	1	0.2	0	2.4
293G	0	0	0	0.2	0	4.2
294E	0	0	10	0	0	6
295N	0	0	9	0	0	5.8
296V	0	0	10	0	0	8.6
297T	0	0	0	0	0	7.4
298I	0	0	14	0	0	5.6
299E	0	0	4	0	0	3.6
300S	0	0	0	0	0	4
301V	0	0	0	0	0	2
302A	0	0	2	0	1.8	3
303D	0	0	4	0	1.8	3
304Y	0	9	9	0	1.8	3
305F	0	0	0	0	1.8	2.8
306K	0	0	0	0	1.8	2.2
307Q	0	0	1	0	0	0.4
308I	0	0	1	0	0	0.8
309G	0	0	0	0	0	0.8
310I	0	0	2	0	0	0.6
311I	0	0	0	0	0	3.4
312K	0	0	0	0	0	3.6
313T	0	0	15	0	0	3.4
314N	0	0	1	0	0	3.6
315K	0	0	1	0	0	3.8
316K	0	0	1	0.2	0	1
317T	0	0	1	0.2	0	3.2
318G	1	0	1	0.2	0	3.2
319Q	0	0	12	0.2	0	3.2
320P	0	0	1	0.2	0	3.2
321M	0	0	1	0	0	3.4
322I	0	0	1	0	0	1.2
323N	0	0	2	0	0.2	1.2
324L	0	0	1	0	0.2	1.2
325Y	0	1	1	0	0.2	1.2
326T	0	0	1	0	0.2	1
327D	0	0	1	0	0.2	1
328R	0	0	1	0	0	1
329E	0	0	1	0.2	0	1
330T	0	0	1	0.2	0	1
331G	1	0	1	0.2	0	1
332K	0	0	1	0.2	0	1
333L	0	0	1	0.4	0	1
334K	0	0	1	0.2	0	1
335G	1	0	1	0.2	0	1
336E	0	0	1	0.2	0	1
337A	0	0	1	0.2	0	0.8
338T	0	0	1	0	0	0.6
339V	0	0	0	0	0	0.4
340S	0	0	0	0	0	0.2
341F	0	0	0	0	0	0
342D	0	0	0	0	0	0
343D	0	0	0	0	0	0
344P	0	0	0	0	0	0
345P	0	0	0	0	0	0
346S	0	0	0	0	0	0
347A	0	0	0	0	0	0
348K	0	0	0	0	0	0
349A	0	0	0	0	0	0
350A	0	0	0	0	0	0
351I	0	0	0	0	0	0
352D	0	0	0	0	0	0
353W	0	0	0	0	0	0
354F	0	0	0	0	0	0
355D	0	0	0	0	0	0
356G	0	0	0	0	0	1.8
357K	0	0	0	0	0	1.8
358E	0	0	9	0	0	3.2
359F	0	0	0	0	0	3.2
360S	0	0	7	0	0	3.4
361G	0	0	0	0	0	2.8
362N	0	0	1	0	0	2.8
363P	0	0	6	0	0	1.4
364I	0	0	0	0	0	1.6
365K	0	0	0	0	0	1.4
366V	0	0	1	0	0	0.2
367S	0	0	0	0	0	0.2
368F	0	0	0	0	0	0.2
369A	0	0	0	0	0	0
370T	0	0	0	0	0	0
371R	0	0	0	0	0	0.8
372R	0	0	0	0	0	2
373A	0	0	4	0	0	2
374D	0	0	6	0	0	4.8
375F	0	0	0	0	0	5.2
376N	0	0	14	0.2	0	4.6
377R	0	0	2	0.6	0	3.8
378G	1	0	1	1	0	4.2
379G	2	0	2	1	0	4
380G	2	0	2	2.8	0	5.4
381N	0	0	13	2.6	0	5.2
382G	9	0	9	2.6	0	5.2
383R	0	0	0	3	0	5.6
384G	2	0	2	3	0	3.8
385G	4	0	4	1.2	0	2
386R	0	0	4	1.2	0	2.2
387G	0	0	0	0.8	0	1.8
388R	0	0	1	0.2	0	1.2
389G	0	0	0	0.2	0	0.4
390G	1	0	1	0.2	0	1
391P	0	0	0	0.4	0	1
392M	0	0	3	0.4	0	1
393G	1	0	1	0.8	0	1.4
394R	0	0	0	0.8	0	1.4
395G	3	0	3	0.8	5.8	6.6
396G	0	0	0	1	5.8	6.8
397Y	0	29	29	1.6	5.8	7.4
398G	2	0	2	1	5.8	6.8
399G	3	0	3	3.4	5.8	9.2
400G	0	0	0	3.4	0	7.6
401G	12	0	12	4.2	0	8.4
402S	0	0	21	4.8	0	9
403G	6	0	6	7.6	0	11.8
404G	6	0	6	8.8	0	13
405G	14	0	14	8.8	0	12.2
406G	18	0	18	8	0	11.4
407R	0	0	17	6.8	0	10.2
408G	2	0	2	4	1.2	8.6
409G	0	0	0	0.4	1.2	5.8
410F	0	6	6	0.4	1.2	4.2
411P	0	0	4	4.6	1.2	8.4
412S	0	0	9	9.2	1.2	13
413G	23	0	23	13.2	0	15.8
414G	23	0	23	13.8	0	15.6
415G	20	0	20	14	0	14
416G	3	0	3	9.4	0	9.4
417G	1	0	1	5	0	5
418G	0	0	0	1	0	1
419G	1	0	1	0.4	0	0.4
420Q	0	0	0	0.2	0	0.2
421Q	0	0	0	0.2	0	0.2
422R	0	0	0	0.2	0	0.2
423A	0	0	0	0.2	0	0.2
424G	1	0	1	0.2	0	0.2
425D	0	0	0	0.2	0	0.2
426W	0	0	0	0.2	0	0.2
427K	0	0	0	0	0	2
428C	0	0	0	0	0	2
429P	0	0	10	0	0	2
430N	0	0	0	0	0	6.8
431P	0	0	0	0	0	6.8
432T	0	0	24	0	0	6.8
433C	0	0	0	0	0	6.8
434E	0	0	10	0	0	8.6
435N	0	0	0	0	0	3.8
436M	0	0	9	0	0	3.8
437N	0	0	0	0	0	1.8
438F	0	0	0	0	0	1.8
439S	0	0	0	0	0	0
440W	0	0	0	0	0	0.4
441R	0	0	0	0	0	0.4
442N	0	0	2	0	0	0.4
443E	0	0	0	0	0	0.4
444C	0	0	0	0	0	0.4
445N	0	0	0	0	0	0
446Q	0	0	0	0	0	0
447C	0	0	0	0	0	0.4
448K	0	0	0	0	0	0.6
449A	0	0	2	0	0	0.6
450P	0	0	1	0	0	0.8
451K	0	0	0	0	0	4
452P	0	0	1	2	0	5.6
453D	0	0	16	2	0	9.2
454G	10	0	10	5.2	0	12.4
455P	0	0	19	7.2	0	14.2
456G	16	0	16	8	0	11.8
457G	10	0	10	6	0	11.6
458G	4	0	4	8.2	0	10
459P	0	0	9	7.2	0	9
460G	11	0	11	5.2	0	11.6
461G	11	0	11	4.4	0	13.4
462S	0	0	23	4.4	0	12
463H	0	0	13	2.6	0	10.2
464M	0	0	2	0.8	0	8.4
465G	2	0	2	0.8	0	11.8
466G	2	0	2	0.8	6.2	15.4
467N	0	0	40	1.4	6.2	15.6
468Y	0	31	31	1	6.2	20.4
469G	3	0	3	0.6	6.2	25
470D	0	0	26	0.6	6.2	17.8
471D	0	0	25	0.6	0	13.8
472R	0	0	4	3.8	0	17
473R	0	0	11	4.6	0	12.6
474G	19	0	19	4.6	0	7.8
475G	4	0	4	5	0	7.4
476R	0	0	1	5.4	0	5.6
477G	2	0	2	1.6	5	6.8
478G	2	0	2	0.8	5	6.6
479Y	0	25	25	0.8	5	6.6
480D	0	0	3	0.4	5	6.2
481R	0	0	1	0.2	5	6
482G	0	0	0	0.2	5.6	6.6
483G	1	0	1	0.2	5.6	6.2
484Y	0	28	28	0.2	5.6	6
485R	0	0	1	0.2	5.6	6.4
486G	0	0	0	0	5.6	6.2
487R	0	0	2	0	0	0.6
488G	0	0	0	0	0	1
489G	0	0	0	0	0	1.2
490D	0	0	3	0	0	0.8
491R	0	0	1	0.6	0	1.4
492G	0	0	0	0.6	0.6	2
493G	3	0	3	0.6	0.6	2.6
494F	0	3	3	1.8	0.6	3.6
495R	0	0	6	2.6	0.6	4.4
496G	6	0	6	2	0.6	5
497G	4	0	4	6.8	0	9.2
498R	0	0	6	7.6	0	8.8
499G	24	0	24	8	0	9.2
500G	4	0	4	7.2	0	10.6
501G	8	0	8	7.2	0	10.6
502D	0	0	11	3	0	6.4
503R	0	0	6	3.8	0	7.2
504G	3	0	3	2.2	1.2	6.8
505G	8	0	8	2.4	1.2	4.8
506F	0	6	6	2.4	1.2	4
507G	1	0	1	2	1.2	3.6
508P	0	0	2	0.4	1.2	2.2
509G	1	0	1	0.4	0	1.2
510K	0	0	1	0.2	0	1.4
511M	0	0	1	0.2	0	2.2
512D	0	0	2	0	0	2.4
513S	0	0	6	0.8	0	3
514R	0	0	2	0.8	0	9.4
515G	4	0	4	0.8	0	9.4
516E	0	0	33	0.8	0	8.4
517H	0	0	2	0.8	0	9.6
518R	0	0	1	0	0	9.6
519Q	0	0	8	0	0	3.2
520D	0	0	4	0	0	3
521R	0	0	1	0	0	5.8
522R	0	0	1	0	0	4.4
523E	0	0	15	0	0	3.8
524R	0	0	1	0	0.2	3.8
525P	0	0	1	0	0.25	4.5
526Y	0	1	1	0	0.333333333	1
