NULL	GLY	ARO	TOTAL	GlyAvg	AroAvg	TotalAvg
1M	0	0	0	0	0	23.66666667
2S	0	0	66	0	0	17.75
3E	0	0	5	0	0	14.4
4Y	0	0	0	0	0	14.4
5I	0	0	1	0	0	1.2
6R	0	0	0	0	0	20.6
7V	0	0	0	0	0	20.6
8T	0	0	102	0	0	30.4
9E	0	0	0	0	0	30.4
10D	0	0	50	0	0	32
11E	0	0	0	0	0	32.8
12N	0	0	8	0	0	32.8
13D	0	0	106	0	0	22.8
14E	0	0	0	0	0	43.2
15P	0	0	0	0	0	41.6
16I	0	0	102	0	0	20.4
17E	0	0	0	0	0	20.4
18I	0	0	0	0	0	21.8
19P	0	0	0	0	0	1.4
20S	0	0	7	0	0	3
21E	0	0	0	0	0	3
22D	0	0	8	0.2	0	3.2
23D	0	0	0	0.2	0	2.2
24G	1	0	1	0.2	0	2.4
25T	0	0	2	0.2	0	1
26V	0	0	1	0.2	0	1
27L	0	0	1	0	0	0.8
28L	0	0	0	0	0	7.8
29S	0	0	0	0	0	7.6
30T	0	0	37	0	0	26.6
31V	0	0	0	0	0	26.6
32T	0	0	96	0	0	26.6
33A	0	0	0	0	0	19.2
34Q	0	0	0	0	0	19.2
35F	0	0	0	0	0	0
36P	0	0	0	0	0	0
37G	0	0	0	0	0	0
38A	0	0	0	0	0	0
39C	0	0	0	0	0	0
40G	0	0	0	0	0	0.2
41L	0	0	0	0	7	7.2
42R	0	0	1	0	7	7.2
43Y	0	35	35	0	7	18.2
44R	0	0	0	0	7	18.6
45N	0	0	55	0	7	26.8
46P	0	0	2	0	0	22.8
47V	0	0	42	0	0	22.8
48S	0	0	15	0	0	11.8
49Q	0	0	0	0	0	11.6
50C	0	0	0	0	0	3.4
51M	0	0	1	0	0	0.4
52R	0	0	1	0	0	0.4
53G	0	0	0	0	0	0.4
54V	0	0	0	0	0	0.4
55R	0	0	0	0	0	1.4
56L	0	0	1	0	0	2
57V	0	0	6	0	0	2
58E	0	0	3	0	0	16.2
59G	0	0	0	0	0	16
60I	0	0	71	0	0	15
61L	0	0	0	0	0	16
62H	0	0	1	0	0	16
63A	0	0	8	0	0	32.8
64P	0	0	0	0	0	53.8
65D	0	0	155	10	0	63.6
66A	0	0	105	10	0	62
67G	50	0	50	10.6	0	62.6
68W	0	0	0	10.6	0	33.6
69G	3	0	3	10.6	0	18.2
70N	0	0	10	0.6	0	9
71L	0	0	28	0.6	0.4	9.4
72V	0	0	4	0	0.4	10.6
73Y	0	2	2	0	0.4	8.6
74V	0	0	9	0	0.4	3
75V	0	0	0	0	0.4	2.2
76N	0	0	0	0	0	1.8
77Y	0	0	0	0	0	0
78P	0	0	0	0	0	0
79K	0	0	0	0	0	0
80D	0	0	0	0	0	0
81N	0	0	0	0	0	0
82K	0	0	0	0	0	0
83R	0	0	0	0	0	0
84K	0	0	0	0	0	7.6
85M	0	0	0	0	0	7.6
86D	0	0	38	0	0	28
87E	0	0	0	0	0	28.2
88T	0	0	102	0	0	28.2
89D	0	0	1	0	0	31.6
90A	0	0	0	0	0	32.8
91S	0	0	55	0	0	13.4
92S	0	0	6	0	0	15.2
93A	0	0	5	0	0	15.2
94V	0	0	10	0	0	21.2
95K	0	0	0	0	0	20
96V	0	0	85	0	0	19
97K	0	0	0	0	0	36.4
98R	0	0	0	0	0	54.6
99A	0	0	97	0	0	46.6
100V	0	0	91	0	0	47
101Q	0	0	45	0	0	47
102K	0	0	2	0	0	27.6
103T	0	0	0	0	0	9.4
104S	0	0	0	0	0	0.6
105D	0	0	0	0	0	0.2
106L	0	0	1	0	0	1.6
107I	0	0	0	0	0	1.6
108V	0	0	7	0	0	1.6
109L	0	0	0	0	0	1.6
110G	0	0	0	0	0	1.6
111L	0	0	1	0	0	0.2
112P	0	0	0	0	0	0.2
113W	0	0	0	0	0	0.2
114K	0	0	0	0	0	6.4
115T	0	0	0	0	0	6.4
116T	0	0	32	0	0	6.4
117E	0	0	0	0	0	6.6
118Q	0	0	0	0	0	6.6
119D	0	0	1	0	0	0.2
120L	0	0	0	0	0	24.4
121K	0	0	0	0	0	24.4
122E	0	0	121	0	0	24.2
123Y	0	0	0	0	0	28.8
124F	0	0	0	0	0	29
125S	0	0	23	0	0	4.8
126T	0	0	1	0	0	4.8
127F	0	0	0	0	0	5
128G	0	0	0	0	0	0.4
129E	0	0	1	0	0	20.2
130V	0	0	0	0	0	20.4
131L	0	0	100	0	0	20.6
132M	0	0	1	0	0	20.4
133V	0	0	1	0	0	20.6
134Q	0	0	0	0	0	0.6
135V	0	0	1	0	0	20
136K	0	0	0	0	0	20.4
137K	0	0	98	0	0	65
138D	0	0	3	0	0	66.2
139L	0	0	223	0	0	67.8
140K	0	0	7	0	0	48.2
141T	0	0	8	0	0	67.4
142G	0	0	0	0	0	22.8
143H	0	0	99	0	0	21.4
144S	0	0	0	0	0	19.8
145K	0	0	0	0	0	19.8
146G	0	0	0	0	0	0
147F	0	0	0	0	0	0
148G	0	0	0	0	0	0
149F	0	0	0	0	0	0.2
150V	0	0	0	0	0.2	0.4
151R	0	0	1	0	0.2	5.8
152F	0	1	1	0	0.2	26.6
153T	0	0	27	0	2	28.4
154E	0	0	104	0	2	29.4
155Y	0	9	9	0	1.8	36.4
156E	0	0	6	0	1.8	31
157T	0	0	36	0	1.8	28
158Q	0	0	0	0	0	26.2
159V	0	0	89	0	0	25.6
160K	0	0	0	0	0	33.8
161V	0	0	3	0	0	41.6
162M	0	0	77	0	0	23.8
163S	0	0	39	0	0	23.8
164Q	0	0	0	0	0	23.2
165R	0	0	0	0	0	8
166H	0	0	0	0	0	0.4
167M	0	0	1	0	0	0.4
168I	0	0	1	0	0	0.4
169D	0	0	0	0	0	0.4
170G	0	0	0	0	0	0.2
171R	0	0	0	0	0	0
172W	0	0	0	0	0	0
173C	0	0	0	0	0	0
174D	0	0	0	0	0	0
175C	0	0	0	0	0	1
176K	0	0	0	0	0	1
177L	0	0	5	0	0	1
178P	0	0	0	0	0	1
179N	0	0	0	0	0	1.2
180S	0	0	0	0	0	11.6
181K	0	0	1	0	0	28.6
182Q	0	0	57	0	0	77.8
183S	0	0	85	0	0	78.2
184Q	0	0	246	0	0	78.6
185D	0	0	2	0	0	67.6
186E	0	0	3	0	0	64.8
187P	0	0	2	0	0	16.2
188L	0	0	71	0	0	17.4
189R	0	0	3	0	0	17.4
190S	0	0	8	0	0	17.2
191R	0	0	3	0	0	11.2
192K	0	0	1	0	0.2	10.8
193V	0	0	41	0	0.2	9.4
194F	0	1	1	0.4	0.2	9.2
195V	0	0	1	0.4	0.2	9.4
196G	2	0	2	0.4	0.2	1.4
197R	0	0	2	0.4	0	1.4
198C	0	0	1	0.4	0	2.2
199T	0	0	1	0	0	2
200E	0	0	5	0	0	4.8
201D	0	0	1	0	0	7
202M	0	0	16	0	0	55.2
203T	0	0	12	0	0	58.4
204E	0	0	242	0	0	70.6
205D	0	0	21	0	0	67.8
206E	0	0	62	0	0	71.8
207L	0	0	2	0	0	73.2
208R	0	0	32	0	6.8	75.8
209E	0	0	249	0	7	63.6
210F	0	34	34	0	7	107.4
211F	0	1	1	0	7	101.2
212S	0	0	221	0	7.6	52
213Q	0	0	1	0.2	0.8	45.4
214Y	0	3	3	0.2	0.6	94.4
215G	1	0	1	0.2	0.6	50.2
216D	0	0	246	0.2	0.6	98.8
217V	0	0	0	0.2	0	98.2
218M	0	0	244	0	0	98
219D	0	0	0	0	0	48.8
220V	0	0	0	0	0	48.8
221F	0	0	0	0	0	0
222I	0	0	0	0	0	1
223P	0	0	0	0	0	1
224K	0	0	5	0	0	1
225P	0	0	0	0	0	1
226F	0	0	0	0	0	1
227R	0	0	0	0	0	0
228A	0	0	0	0	0	0.6
229F	0	0	0	0	0	0.6
230A	0	0	3	0	0	0.6
231F	0	0	0	0	0	1.6
232V	0	0	0	0	0	1.6
233T	0	0	5	0	0	1.8
234F	0	0	0	0	0	1.8
235A	0	0	4	0	0	2.2
236D	0	0	0	0	0	3
237D	0	0	2	0	0	51.4
238Q	0	0	9	0	0	50.6
239I	0	0	242	0	0	55.2
240A	0	0	0	0	0	63.8
241Q	0	0	23	0	0	62
242S	0	0	45	0	0	13.6
243L	0	0	0	0	0	13.6
244C	0	0	0	0	0	9
245G	0	0	0	0	0	0
246E	0	0	0	0	0	0
247D	0	0	0	0	0	0
248L	0	0	0	0	0	0.6
249I	0	0	0	0	0	0.6
250I	0	0	3	0	0	0.6
251K	0	0	0	0	0	19.8
252G	0	0	0	0	0	19.8
253I	0	0	96	0	0	19.4
254S	0	0	0	0	0	19.4
255V	0	0	1	0	0	20
256H	0	0	0	0	0	0.8
257I	0	0	3	0	0	1.4
258S	0	0	0	0	0	1.2
259N	0	0	3	0	0	1.2
260A	0	0	0	0	0	0.6
261E	0	0	0	0	0	0.8
262P	0	0	0	0	0	0.2
263K	0	0	1	0	0	8.2
264H	0	0	0	0	0	27.6
265N	0	0	40	0	0	45.2
266S	0	0	97	0	0	47
267N	0	0	88	0	0	49.2
268R	0	0	10	0	0	60.6
269Q	0	0	11	0	0	58.4
270L	0	0	97	0	0	50.8
271E	0	0	86	0	0	81.6
272R	0	0	50	5.8	0	85.2
273S	0	0	164	5.8	0	67.6
274G	29	0	29	5.8	2.2	52.6
275R	0	0	9	9.6	2.2	46.4
276F	0	11	11	29.2	2.2	33.2
277G	19	0	19	23.4	2.2	47.4
278G	98	0	98	23.4	2.2	65.2
279N	0	0	100	32.8	0	72.4
280P	0	0	98	30.8	0	70.4
281G	47	0	47	11.2	0.8	51.6
282G	9	0	9	18	0.8	38.4
283F	0	4	4	18	0.8	37.2
284G	34	0	34	8.6	0.8	35
285N	0	0	92	26	0.8	52.4
286Q	0	0	36	32.2	0	57.8
287G	96	0	96	25.4	9.2	60.2
288G	31	0	31	28.4	9.2	44.8
289F	0	46	46	28.4	9.2	55.6
290G	15	0	15	9.2	9.2	50
291N	0	0	90	3	9.2	45.2
292S	0	0	68	14.8	0	47.8
293R	0	0	7	24.4	0	57.4
294G	59	0	59	39.2	0	54.2
295G	63	0	63	39.2	0	73.2
296G	74	0	74	44.6	0	77.2
297A	0	0	163	32.8	0	76.6
298G	27	0	27	29.4	0	73.2
299L	0	0	56	14.6	0	77.2
300G	46	0	46	14.6	0	64.6
301N	0	0	94	9.2	0	78.8
302N	0	0	100	26	0	84.4
303Q	0	0	98	16.8	0	85.2
304G	84	0	84	16.8	0	82.2
305S	0	0	50	16.8	0	78.6
306N	0	0	79	34.2	0	76.4
307M	0	0	82	30.8	0	73
308G	87	0	87	41.4	0	73.6
309G	67	0	67	41.4	0	76.8
310G	53	0	53	41.4	0	60.6
311M	0	0	95	24	0.6	43.8
312N	0	0	1	12.4	0.6	32.2
313F	0	3	3	1.8	0.6	32
314G	9	0	9	1.8	10.4	22.8
315A	0	0	52	1.8	10.4	32.2
316F	0	49	49	1.8	9.8	50.8
317S	0	0	48	0	9.8	49.8
318I	0	0	96	0	9.8	39.6
319N	0	0	4	0	0	30
320P	0	0	1	0	0	21
321A	0	0	1	0	0	8.8
322M	0	0	3	0	0	8.4
323M	0	0	35	0	0	10.8
324A	0	0	2	0	0	13
325A	0	0	13	0	0	14.8
326A	0	0	12	0	0	8
327Q	0	0	12	0	0	7.8
328A	0	0	1	0	0	5.4
329A	0	0	1	0	0	3.4
330L	0	0	1	0	0	2.2
331Q	0	0	2	0	0	2.6
332S	0	0	6	0	0.6	3
333S	0	0	3	0.6	0.6	3.4
334W	0	3	3	0.6	0.6	4.2
335G	3	0	3	0.6	0.6	3.8
336M	0	0	6	1.6	0.6	4.2
337M	0	0	4	1.6	0	3.8
338G	5	0	5	1	0	3.8
339M	0	0	1	1	0	2.8
340L	0	0	3	1	0	13.2
341A	0	0	1	0	0	12.6
342S	0	0	56	0	0	12.6
343Q	0	0	2	0	0	30.6
344Q	0	0	1	0	0	37.8
345N	0	0	93	0	0	42.8
346Q	0	0	37	18.8	0	61.2
347S	0	0	81	18.8	0	80
348G	94	0	94	18.8	0	71.6
349P	0	0	95	19.6	0	65
350S	0	0	51	19.6	0	69
351G	4	0	4	0.8	0	70.2
352N	0	0	101	0.8	0	69.2
353N	0	0	100	0.8	0	109.6
354Q	0	0	90	0	0	125.6
355N	0	0	253	11.2	0	116.6
356Q	0	0	84	11.2	0	117.2
357G	56	0	56	11.2	0	119.6
358N	0	0	103	11.2	0	88.8
359M	0	0	102	11.2	0	79.6
360Q	0	0	99	0	0	87.2
361R	0	0	38	0	0	98.8
362E	0	0	94	0	0	96.8
363P	0	0	161	0	0	78.2
364N	0	0	92	0	0	100.8
365Q	0	0	6	0	12.6	94.6
366A	0	0	151	30.8	12.6	93.2
367F	0	63	63	30.8	12.6	83.6
368G	154	0	154	41.4	12.6	93
369S	0	0	44	41.4	12.6	75.8
370G	53	0	53	41.4	0	81.2
371N	0	0	65	10.6	0	60.8
372N	0	0	90	10.6	1	53
373S	0	0	52	0	1	66.8
374Y	0	5	5	17.4	1	71.2
375S	0	0	122	17.4	1	64
376G	87	0	87	17.4	1	72
377S	0	0	54	17.4	0	72.8
378N	0	0	92	36	0	67
379S	0	0	9	18.6	0	52.8
380G	93	0	93	18.6	0	61.4
381A	0	0	16	18.6	0	64.8
382A	0	0	97	19.8	0	64.2
383I	0	0	109	1.2	0.2	45.8
384G	6	0	6	9.4	0.2	50.8
385W	0	1	1	9.4	0.2	48.8
386G	41	0	41	9.4	0.2	48.2
387S	0	0	87	8.2	0.2	58
388A	0	0	106	8.2	0	58.8
389S	0	0	55	0	0	72.8
390N	0	0	5	18.6	0	74
391A	0	0	111	18.6	0	56.2
392G	93	0	93	39.6	0	66.2
393S	0	0	17	39.6	0	68.6
394G	105	0	105	40.6	0	47.4
395S	0	0	17	22	0.4	29.2
396G	5	0	5	22	0.4	41.2
397F	0	2	2	20.6	0.4	39.8
398N	0	0	77	24.4	0.4	40.2
399G	98	0	98	23.4	0.8	39.6
400G	19	0	19	24.2	0.4	40
401F	0	2	2	24.2	0.4	33
402G	4	0	4	4.6	0.4	14.6
403S	0	0	42	0.8	0.4	11.8
404S	0	0	6	0.8	0	30.8
405M	0	0	5	0	0	32.2
406D	0	0	97	0	0	24
407S	0	0	11	0	0	25.2
408K	0	0	1	0	0	24.8
409S	0	0	12	10.2	0	15.6
410S	0	0	3	10.2	0.6	14
411G	51	0	51	10.6	0.6	14.2
412W	0	3	3	10.6	0.6	13.4
413G	2	0	2	13.25	0.75	16
414M	0	0	8	0.666666667	1	4.333333333
						
