NULL	GLY	ARO	TOTAL	GlyAvg	AroAvg	TotalAvg
1M	0	0	1	0	0	3.666666667
2A	0	0	6	0	0	4.25
3S	0	0	4	0	0	4
4N	0	0	6	0	0	3.8
5D	0	0	3	0	0	3.8
6Y	0	0	0	0	0	3
7T	0	0	6	0	0	2.4
8Q	0	0	0	0	0	1.8
9Q	0	0	3	0	0	1.8
10A	0	0	0	0	0	0.6
11T	0	0	0	0	0	0.6
12Q	0	0	0	0	0	0
13S	0	0	0	0	0	0
14Y	0	0	0	0	0	0.2
15G	0	0	0	0	0	0.2
16A	0	0	1	0	0	0.4
17Y	0	0	0	0	0	0.8
18P	0	0	1	0	0	0.8
19T	0	0	2	0	0	0.6
20Q	0	0	0	0	0	0.6
21P	0	0	0	0	0	0.4
22G	0	0	0	0	0	0
23Q	0	0	0	0	0	0
24G	0	0	0	0	0	0
25Y	0	0	0	0	0	0
26S	0	0	0	0	0	0
27Q	0	0	0	0	0	0
28Q	0	0	0	0	0	9.6
29S	0	0	0	0	0	9.6
30S	0	0	48	0	0	9.6
31Q	0	0	0	0	0	9.6
32P	0	0	0	0	0	9.6
33Y	0	0	0	0	0	0.2
34G	0	0	0	0	0	0.2
35Q	0	0	1	0	0	0.4
36Q	0	0	0	0	0.2	0.6
37S	0	0	1	0	0.2	5.4
38Y	0	1	1	0.8	0.2	6
39S	0	0	24	0.8	0.4	6.2
40G	4	0	4	0.8	0.4	20.2
41Y	0	1	1	0.8	0.2	20.4
42S	0	0	71	0.8	0.2	16
43Q	0	0	2	0	0.2	28.8
44S	0	0	2	0	0	29
45T	0	0	68	0	0	16
46D	0	0	2	0	0	16.4
47T	0	0	6	1	0	17
48S	0	0	4	1	0.2	3.6
49G	5	0	5	1.2	0.2	3.4
50Y	0	1	1	1.2	0.2	2.4
51G	1	0	1	1.2	0.2	2.2
52Q	0	0	1	0.2	0.2	2.6
53S	0	0	3	0.2	0.2	2.6
54S	0	0	7	0	0.2	6.8
55Y	0	1	1	0	0.2	6.8
56S	0	0	22	0	0.4	6.4
57S	0	0	1	0.2	0.4	5.2
58Y	0	1	1	0.2	0.2	5.2
59G	1	0	1	0.2	0.2	17
60Q	0	0	1	0.2	0.2	17
61S	0	0	81	0.2	0	18.6
62Q	0	0	1	0	0	20.8
63N	0	0	9	1	0	21.6
64T	0	0	12	1	0	5.4
65G	5	0	5	4.6	0	8.8
66Y	0	0	0	4.6	0	7.8
67G	18	0	18	4.6	0	5.6
68T	0	0	4	3.6	0	5.4
69Q	0	0	1	3.6	0	22.6
70S	0	0	4	0	0	19
71T	0	0	86	0	0	18.2
72P	0	0	0	0	0	18
73Q	0	0	0	0	0	17.2
74G	0	0	0	0.4	0	0.4
75Y	0	0	0	0.4	0	0.6
76G	2	0	2	0.4	0	5.8
77S	0	0	1	2.8	0	8.2
78T	0	0	26	3	0	8.4
79G	12	0	12	2.6	0	8
80G	1	0	1	3	0	8.2
81Y	0	0	0	3	0	6.2
82G	2	0	2	0.6	0	6.8
83S	0	0	16	0.4	0	6.6
84S	0	0	15	0.4	0	7.8
85Q	0	0	0	0	0	7.4
86S	0	0	6	0	0	4.2
87S	0	0	0	0	0	2
88Q	0	0	0	0	0	2
89S	0	0	4	0	0	0.8
90S	0	0	0	0	0	0.8
91Y	0	0	0	0	0	0.8
92G	0	0	0	0	0	0
93Q	0	0	0	0	0	1
94Q	0	0	0	0	0	1
95S	0	0	5	0	0	1
96S	0	0	0	0	0	1
97Y	0	0	0	0	0	1
98P	0	0	0	0	0	0
99G	0	0	0	0.4	0	0.4
100Y	0	0	0	0.4	0	0.4
101G	2	0	2	0.4	0	0.6
102Q	0	0	0	0.4	0	1
103Q	0	0	1	0.4	0	4.2
104P	0	0	2	0	0	4.2
105A	0	0	16	0	0	4.2
106P	0	0	2	0	0	4.6
107S	0	0	0	0	0	5
108S	0	0	3	0	0	1.8
109T	0	0	4	0	0	1.4
110S	0	0	0	0	0	1.8
111G	0	0	0	0	0.2	1.4
112S	0	0	2	0.8	0.2	1.4
113Y	0	1	1	0.8	0.2	6.6
114G	4	0	4	0.8	0.2	9.4
115S	0	0	26	0.8	0.2	9.6
116S	0	0	14	0.8	0	9.4
117S	0	0	3	0	0	11.2
118Q	0	0	0	0	0	6.2
119S	0	0	13	0	0	10.8
120S	0	0	1	0	0	10.2
121S	0	0	37	0	0	10.2
122Y	0	0	0	0	0	7.8
123G	0	0	0	0	0	7.6
124Q	0	0	1	0	0	4.2
125P	0	0	0	0	0	6
126Q	0	0	20	0.2	0	6.2
127S	0	0	9	0.2	0	24.4
128G	1	0	1	0.2	0	24.4
129S	0	0	92	0.2	0	39.2
130Y	0	0	0	0.2	0	38.2
131S	0	0	94	0	0	38.2
132Q	0	0	4	0	0	36.2
133Q	0	0	1	0	0	52.2
134P	0	0	82	0	0.2	33.6
135S	0	0	80	2	0.2	34.8
136Y	0	1	1	2.2	0.2	34.8
137G	10	0	10	2.2	0.2	18.4
138G	1	0	1	2.2	0.2	2.8
139Q	0	0	0	2.2	0	6.2
140Q	0	0	2	0.2	0	8.8
141Q	0	0	18	0	0	8.6
142S	0	0	23	0	0	8.6
143Y	0	0	0	0	0	8.2
144G	0	0	0	0	0	4.6
145Q	0	0	0	0	0	1.6
146Q	0	0	0	0	0	1.6
147Q	0	0	8	0	0	1.6
148S	0	0	0	0	0	1.6
149Y	0	0	0	0	0	2
150N	0	0	0	0	0	0.4
151P	0	0	2	0	0	0.4
152P	0	0	0	0.2	0	0.6
153Q	0	0	0	0.2	0	0.6
154G	1	0	1	0.2	0	0.2
155Y	0	0	0	0.2	0	0.2
156G	0	0	0	0.2	0	0.2
157Q	0	0	0	0	0	1.8
158Q	0	0	0	0	0	1.8
159N	0	0	9	0	0	1.8
160Q	0	0	0	0	0	2.6
161Y	0	0	0	0	0	3.8
162N	0	0	4	0	0	3
163S	0	0	6	0	0	7
164S	0	0	5	14.8	0	21.8
165S	0	0	20	21.2	0	27.4
166G	74	0	74	24.8	0	29.8
167G	32	0	32	28.2	0	32.2
168G	18	0	18	28.6	0	28.6
169G	17	0	17	16.4	0	16.4
170G	2	0	2	10.4	0	10.4
171G	13	0	13	7.6	0	7.6
172G	2	0	2	4.2	0	4.2
173G	4	0	4	3.8	0	3.8
174G	0	0	0	1.2	0	9.4
175G	0	0	0	0.8	0	9
176N	0	0	41	0.2	0	8.4
177Y	0	0	0	0.2	0	8.4
178G	1	0	1	0.2	0	8.4
179Q	0	0	0	0.2	0	0.2
180D	0	0	0	0.2	0	2.8
181Q	0	0	0	0	0	4
182S	0	0	13	0	0	4.2
183S	0	0	7	0	0	7.8
184M	0	0	1	0	0	19.4
185S	0	0	18	9.8	0	26.6
186S	0	0	58	15.4	0	30.8
187G	49	0	49	18.6	0	33.8
188G	28	0	28	18.6	0	44
189G	16	0	16	21.6	0	35.4
190S	0	0	69	12.4	0	26.2
191G	15	0	15	7.2	0	21
192G	3	0	3	4	0.8	18.6
193G	2	0	2	4.4	0.8	5.2
194Y	0	4	4	1.4	0.8	6.2
195G	2	0	2	0.8	0.8	6.4
196N	0	0	20	0.4	0.8	6.6
197Q	0	0	4	0.4	0	6.2
198D	0	0	3	0	0	7.2
199Q	0	0	2	2.4	0	5.6
200S	0	0	7	4	0	6.4
201G	12	0	12	7	0	8.8
202G	8	0	8	10	0	11.4
203G	15	0	15	10	0	25.4
204G	15	0	15	14.4	0	29.8
205S	0	0	77	16.2	0	31.6
206G	34	0	34	13.2	14.6	43.2
207G	17	0	17	11	14.6	41
208Y	0	73	73	11	14.6	26
209G	4	0	4	4.2	14.6	19.6
210Q	0	0	2	0.8	14.6	16.6
211Q	0	0	2	0.8	0	2.6
212D	0	0	2	0.6	0	2.4
213R	0	0	3	1	0	2.4
214G	3	0	3	1	0	2.6
215G	2	0	2	1.6	0	2.8
216R	0	0	3	1.6	0	2.8
217G	3	0	3	16.6	0	17.8
218R	0	0	3	31.8	0	33
219G	78	0	78	31.8	0	49
220G	78	0	78	48.6	0	65.8
221S	0	0	83	64.8	0	81.4
222G	87	0	87	63.8	0	80.4
223G	81	0	81	62.6	0	79.2
224G	73	0	73	76.8	0	76.8
225G	72	0	72	60.4	0	60.4
226G	71	0	71	45.4	0	45.4
227G	5	0	5	31.6	0	31.6
228G	6	0	6	17.6	0	17.6
229G	4	0	4	3.8	0	3.8
230G	2	0	2	2.8	0.4	3.2
231G	2	0	2	1.6	0.4	3.6
232Y	0	2	2	0.8	0.4	3.2
233N	0	0	8	0.4	0.4	3.6
234R	0	0	2	0	0.4	5
235S	0	0	4	0.2	0	4.8
236S	0	0	9	0.4	0	3.4
237G	1	0	1	0.4	0.2	3.2
238G	1	0	1	0.4	0.2	2.6
239Y	0	1	1	0.4	0.2	1
240E	0	0	1	0.2	0.2	1
241P	0	0	1	0.2	0.2	1
242R	0	0	1	0.2	0	1
243G	1	0	1	0.2	0	0.8
244R	0	0	1	0.2	0	0.6
245G	0	0	0	0.2	0	0.4
246G	0	0	0	0	0	0.2
247G	0	0	0	0	0	0
248R	0	0	0	0	0	0
249G	0	0	0	0	0	0
250G	0	0	0	0	0	0
251R	0	0	0	0	0	0
252G	0	0	0	0	0	0
253G	0	0	0	0	0	0
254M	0	0	0	0	0	0
255G	0	0	0	0	0	0
256G	0	0	0	0	0	0
257S	0	0	0	0	0	0
258D	0	0	0	0	0	0
259R	0	0	0	0	0	0
260G	0	0	0	0	0	0
261G	0	0	0	0	0	0
262F	0	0	0	0	0	0
263N	0	0	0	0	0	0
264K	0	0	0	0	0	0
265F	0	0	0	0	0	0
266G	0	0	0	0	0	0.2
267G	0	0	0	0	0	0.2
268P	0	0	1	0	0	0.4
269R	0	0	0	0	0	0.6
270D	0	0	1	0	0	0.6
271Q	0	0	1	0	0	0.4
272G	0	0	0	0	0	0.6
273S	0	0	0	0	0	0.4
274R	0	0	1	0	0	0.2
275H	0	0	0	0	0	0.4
276D	0	0	0	0	0	0.4
277S	0	0	1	0	0	0.2
278E	0	0	0	0	0	0.2
279Q	0	0	0	0	0	0.2
280D	0	0	0	0	0	0
281N	0	0	0	0	0	0
282S	0	0	0	0	0	0
283D	0	0	0	0	0	0
284N	0	0	0	0	0	0
285N	0	0	0	0	0	0
286T	0	0	0	0	0	0
287I	0	0	0	0	0	0
288F	0	0	0	0	0	0
289V	0	0	0	0.2	0	0.2
290Q	0	0	0	0.2	0	0.2
291G	1	0	1	0.2	0	0.2
292L	0	0	0	0.2	0	0.2
293G	0	0	0	0.2	0	0.2
294E	0	0	0	0	0	0
295N	0	0	0	0	0	0
296V	0	0	0	0	0	0
297T	0	0	0	0	0	0
298I	0	0	0	0	0	0
299E	0	0	0	0	0	0
300S	0	0	0	0	0	0
301V	0	0	0	0	0	0
302A	0	0	0	0	0	0
303D	0	0	0	0	0	0
304Y	0	0	0	0	0	0
305F	0	0	0	0	0	0.2
306K	0	0	0	0	0	0.4
307Q	0	0	1	0	0	0.4
308I	0	0	1	0	0	0.4
309G	0	0	0	0	0	0.4
310I	0	0	0	0	0	0.2
311I	0	0	0	0	0	0.2
312K	0	0	0	0	0	0.4
313T	0	0	1	0	0	0.6
314N	0	0	1	0	0	0.8
315K	0	0	1	0	0	1
316K	0	0	1	0.2	0	1
317T	0	0	1	0.2	0	1
318G	1	0	1	0.2	0	1
319Q	0	0	1	0.2	0	1
320P	0	0	1	0.2	0	1
321M	0	0	1	0	0	1.2
322I	0	0	1	0	0	1.2
323N	0	0	2	0	0.2	1.2
324L	0	0	1	0	0.2	1.2
325Y	0	1	1	0	0.2	1.2
326T	0	0	1	0	0.2	1
327D	0	0	1	0	0.2	1
328R	0	0	1	0	0	1
329E	0	0	1	0.2	0	1
330T	0	0	1	0.2	0	1
331G	1	0	1	0.2	0	1
332K	0	0	1	0.2	0	1
333L	0	0	1	0.4	0	1
334K	0	0	1	0.2	0	1
335G	1	0	1	0.2	0	1
336E	0	0	1	0.2	0	1
337A	0	0	1	0.2	0	0.8
338T	0	0	1	0	0	0.6
339V	0	0	0	0	0	0.4
340S	0	0	0	0	0	0.2
341F	0	0	0	0	0	0
342D	0	0	0	0	0	0
343D	0	0	0	0	0	0
344P	0	0	0	0	0	0
345P	0	0	0	0	0	0
346S	0	0	0	0	0	0
347A	0	0	0	0	0	0
348K	0	0	0	0	0	0
349A	0	0	0	0	0	0
350A	0	0	0	0	0	0
351I	0	0	0	0	0	0
352D	0	0	0	0	0	0
353W	0	0	0	0	0	0
354F	0	0	0	0	0	0
355D	0	0	0	0	0	0
356G	0	0	0	0	0	0
357K	0	0	0	0	0	0
358E	0	0	0	0	0	0
359F	0	0	0	0	0	0
360S	0	0	0	0	0	0
361G	0	0	0	0	0	0.2
362N	0	0	0	0	0	0.2
363P	0	0	1	0	0	0.2
364I	0	0	0	0	0	0.4
365K	0	0	0	0	0	0.4
366V	0	0	1	0	0	0.2
367S	0	0	0	0	0	0.2
368F	0	0	0	0	0	0.2
369A	0	0	0	0	0	0
370T	0	0	0	0	0	0
371R	0	0	0	0	0	0
372R	0	0	0	0	0	0
373A	0	0	0	0	0	0
374D	0	0	0	0	0	0
375F	0	0	0	0	0	0
376N	0	0	0	0	0	0
377R	0	0	0	0	0	0
378G	0	0	0	0	0	0
379G	0	0	0	0	0	0
380G	0	0	0	0	0	0
381N	0	0	0	0	0	0
382G	0	0	0	0	0	0
383R	0	0	0	0	0	0
384G	0	0	0	0	0	0
385G	0	0	0	0	0	0
386R	0	0	0	0	0	0
387G	0	0	0	0	0	0
388R	0	0	0	0	0	0
389G	0	0	0	0	0	0
390G	0	0	0	0	0	0
391P	0	0	0	0	0	0
392M	0	0	0	0	0	0
393G	0	0	0	0	0	0
394R	0	0	0	0	0	0
395G	0	0	0	0	0.4	0.4
396G	0	0	0	0	0.4	0.4
397Y	0	2	2	0	0.4	0.4
398G	0	0	0	0	0.4	0.4
399G	0	0	0	0.2	0.4	0.6
400G	0	0	0	0.2	0	1.2
401G	1	0	1	0.2	0	1.2
402S	0	0	5	0.4	0	1.4
403G	0	0	0	2	0	3
404G	1	0	1	2.4	0	3.4
405G	8	0	8	2.4	0	2.4
406G	3	0	3	2.4	0	2.4
407R	0	0	0	2.2	0	2.2
408G	0	0	0	0.6	0	0.6
409G	0	0	0	0	0	0
410F	0	0	0	0	0	0
411P	0	0	0	0	0	0
412S	0	0	0	0	0	0
413G	0	0	0	0	0	0
414G	0	0	0	0	0	0
415G	0	0	0	0	0	0
416G	0	0	0	0	0	0
417G	0	0	0	0	0	0
418G	0	0	0	0	0	0
419G	0	0	0	0	0	0
420Q	0	0	0	0	0	0
421Q	0	0	0	0	0	0
422R	0	0	0	0	0	0
423A	0	0	0	0	0	0
424G	0	0	0	0	0	0
425D	0	0	0	0	0	0
426W	0	0	0	0	0	0
427K	0	0	0	0	0	0
428C	0	0	0	0	0	0
429P	0	0	0	0	0	0
430N	0	0	0	0	0	2
431P	0	0	0	0	0	2
432T	0	0	10	0	0	2
433C	0	0	0	0	0	2
434E	0	0	0	0	0	2
435N	0	0	0	0	0	0
436M	0	0	0	0	0	0
437N	0	0	0	0	0	0
438F	0	0	0	0	0	0
439S	0	0	0	0	0	0
440W	0	0	0	0	0	0.4
441R	0	0	0	0	0	0.4
442N	0	0	2	0	0	0.4
443E	0	0	0	0	0	0.4
444C	0	0	0	0	0	0.4
445N	0	0	0	0	0	0
446Q	0	0	0	0	0	0
447C	0	0	0	0	0	0
448K	0	0	0	0	0	0
449A	0	0	0	0	0	0
450P	0	0	0	0	0	0
451K	0	0	0	0	0	0.2
452P	0	0	0	0	0	0.2
453D	0	0	1	0	0	0.2
454G	0	0	0	0.2	0	0.4
455P	0	0	0	0.2	0	0.4
456G	1	0	1	0.2	0	0.2
457G	0	0	0	0.2	0	0.2
458G	0	0	0	0.2	0	0.2
459P	0	0	0	0	0	0
460G	0	0	0	0	0	0
461G	0	0	0	0	0	0
462S	0	0	0	0	0	0
463H	0	0	0	0	0	0
464M	0	0	0	0.2	0	0.2
465G	0	0	0	0.2	0	2.4
466G	1	0	1	0.2	0.6	3
467N	0	0	11	0.2	0.6	3
468Y	0	3	3	0.2	0.6	3.2
469G	0	0	0	0	0.6	3.2
470D	0	0	1	0	0.6	1
471D	0	0	1	0	0	0.4
472R	0	0	0	2	0	2.4
473R	0	0	0	2.4	0	2.6
474G	10	0	10	2.4	0	2.4
475G	2	0	2	2.4	0	2.4
476R	0	0	0	2.4	0	2.4
477G	0	0	0	0.4	0	0.4
478G	0	0	0	0	0	0
479Y	0	0	0	0	0	0
480D	0	0	0	0	0	0
481R	0	0	0	0	0	0
482G	0	0	0	0	0	0
483G	0	0	0	0	0	0
484Y	0	0	0	0	0	0
485R	0	0	0	0	0	0
486G	0	0	0	0	0	0
487R	0	0	0	0	0	0
488G	0	0	0	0	0	0.2
489G	0	0	0	0	0	0.4
490D	0	0	1	0	0	0.4
491R	0	0	1	0.2	0	0.6
492G	0	0	0	0.2	0.2	0.8
493G	1	0	1	0.2	0.2	0.6
494F	0	1	1	0.4	0.2	0.6
495R	0	0	0	0.4	0.2	0.6
496G	1	0	1	0.2	0.2	0.4
497G	0	0	0	0.2	0	0.2
498R	0	0	0	0.2	0	0.2
499G	0	0	0	0	0	0
500G	0	0	0	0	0	0
501G	0	0	0	0	0	0
502D	0	0	0	0	0	0
503R	0	0	0	0	0	0
504G	0	0	0	0	0	0
505G	0	0	0	0	0	0
506F	0	0	0	0	0	0.2
507G	0	0	0	0	0	0.2
508P	0	0	1	0	0	0.2
509G	0	0	0	0	0	0.2
510K	0	0	0	0	0	0.2
511M	0	0	0	0	0	0
512D	0	0	0	0	0	0.2
513S	0	0	0	0	0	0.2
514R	0	0	1	0	0	2.8
515G	0	0	0	0	0	2.8
516E	0	0	13	0	0	2.8
517H	0	0	0	0	0	2.6
518R	0	0	0	0	0	2.6
519Q	0	0	0	0	0	0
520D	0	0	0	0	0	0
521R	0	0	0	0	0	0.2
522R	0	0	0	0	0	0.2
523E	0	0	1	0	0	0.2
524R	0	0	0	0	0	0.2
525P	0	0	0	0	0	0.25
526Y	0	0	0	0	0	0
