NULL	GLY	ARO	TOTAL	GlyAvg	AroAvg	TotalAvg
1M	0	0	0	0	0	0
2S	0	0	0	0	0	0
3E	0	0	0	0	0	0
4Y	0	0	0	0	0	0
5I	0	0	0	0	0	0
6R	0	0	0	0	0	0
7V	0	0	0	0	0	0
8T	0	0	0	0	0	0
9E	0	0	0	0	0	0
10D	0	0	0	0	0	0.2
11E	0	0	0	0	0	0.4
12N	0	0	1	0	0	0.6
13D	0	0	1	0	0	0.6
14E	0	0	1	0	0	0.6
15P	0	0	0	0	0	0.4
16I	0	0	0	0	0	0.2
17E	0	0	0	0	0	0
18I	0	0	0	0	0	0.2
19P	0	0	0	0	0	0.2
20S	0	0	1	0	0	0.2
21E	0	0	0	0	0	0.2
22D	0	0	0	0	0	0.2
23D	0	0	0	0	0	0
24G	0	0	0	0	0	0
25T	0	0	0	0	0	0
26V	0	0	0	0	0	0
27L	0	0	0	0	0	0
28L	0	0	0	0	0	0
29S	0	0	0	0	0	0
30T	0	0	0	0	0	0
31V	0	0	0	0	0	0
32T	0	0	0	0	0	0
33A	0	0	0	0	0	0
34Q	0	0	0	0	0	0
35F	0	0	0	0.2	0	0.2
36P	0	0	0	0.2	0	0.2
37G	1	0	1	0.2	0	0.2
38A	0	0	0	0.2	0	0.2
39C	0	0	0	0.2	0	0.2
40G	0	0	0	0	0	0.2
41L	0	0	0	0	0.2	0.4
42R	0	0	1	0	0.2	0.4
43Y	0	1	1	0	0.2	0.4
44R	0	0	0	0	0.2	0.4
45N	0	0	0	0	0.2	0.2
46P	0	0	0	0	0	0.4
47V	0	0	0	0	0	0.4
48S	0	0	2	0	0	0.4
49Q	0	0	0	0	0	0.4
50C	0	0	0	0	0	0.4
51M	0	0	0	0	0	0
52R	0	0	0	0	0	0
53G	0	0	0	0	0	0
54V	0	0	0	0	0	0
55R	0	0	0	0	0	0.2
56L	0	0	0	0	0	0.2
57V	0	0	1	0	0	0.2
58E	0	0	0	0	0	0.6
59G	0	0	0	0	0	0.6
60I	0	0	2	0	0	0.4
61L	0	0	0	0	0	0.4
62H	0	0	0	0	0	0.4
63A	0	0	0	0	0	0.8
64P	0	0	0	0	0	1.2
65D	0	0	4	0	0	1.2
66A	0	0	2	0	0.2	1.4
67G	0	0	0	0	0.2	1.4
68W	0	1	1	0	0.2	0.6
69G	0	0	0	0	0.2	0.2
70N	0	0	0	0	0.2	0.2
71L	0	0	0	0	0	0
72V	0	0	0	0	0	0
73Y	0	0	0	0	0	0
74V	0	0	0	0	0	0
75V	0	0	0	0	0	0
76N	0	0	0	0	0	0
77Y	0	0	0	0	0	0
78P	0	0	0	0	0	0
79K	0	0	0	0	0	0
80D	0	0	0	0	0	0
81N	0	0	0	0	0	0
82K	0	0	0	0	0	0
83R	0	0	0	0	0	0
84K	0	0	0	0	0	0
85M	0	0	0	0	0	0
86D	0	0	0	0	0	0.8
87E	0	0	0	0	0	1
88T	0	0	4	0	0	1
89D	0	0	1	0	0	1
90A	0	0	0	0	0	1
91S	0	0	0	0	0	0.2
92S	0	0	0	0	0	0
93A	0	0	0	0	0	0
94V	0	0	0	0	0	0
95K	0	0	0	0	0	0
96V	0	0	0	0	0	0
97K	0	0	0	0	0	0.2
98R	0	0	0	0	0	0.2
99A	0	0	1	0	0	0.2
100V	0	0	0	0	0	0.2
101Q	0	0	0	0	0	0.2
102K	0	0	0	0	0	0
103T	0	0	0	0	0	0
104S	0	0	0	0	0	0.2
105D	0	0	0	0	0	0.2
106L	0	0	1	0	0	0.2
107I	0	0	0	0	0	0.2
108V	0	0	0	0	0	0.2
109L	0	0	0	0	0	0
110G	0	0	0	0	0	0
111L	0	0	0	0	0	0
112P	0	0	0	0	0	0
113W	0	0	0	0	0	0
114K	0	0	0	0	0	0
115T	0	0	0	0	0	0
116T	0	0	0	0	0	0
117E	0	0	0	0	0	0.2
118Q	0	0	0	0	0	0.2
119D	0	0	1	0	0	0.2
120L	0	0	0	0	0	5.2
121K	0	0	0	0	0	5.2
122E	0	0	25	0	0	5
123Y	0	0	0	0	0	5
124F	0	0	0	0	0	5
125S	0	0	0	0	0	0
126T	0	0	0	0	0	0
127F	0	0	0	0	0	0
128G	0	0	0	0	0	0
129E	0	0	0	0	0	0
130V	0	0	0	0	0	0.2
131L	0	0	0	0	0	0.2
132M	0	0	1	0	0	0.2
133V	0	0	0	0	0	0.8
134Q	0	0	0	0	0	1.2
135V	0	0	3	0	0	1.4
136K	0	0	2	0	0	1.8
137K	0	0	2	0	0	15.2
138D	0	0	2	0	0	15
139L	0	0	67	0	0	15
140K	0	0	2	0.4	0	15
141T	0	0	2	0.4	0	15
142G	2	0	2	0.4	0	2
143H	0	0	2	0.4	0	2
144S	0	0	2	0.8	0	2
145K	0	0	2	0.4	0.4	2
146G	2	0	2	0.8	0.4	2
147F	0	2	2	0.8	0.8	2
148G	2	0	2	0.8	0.8	2
149F	0	2	2	0.4	0.8	2.2
150V	0	0	2	0.4	1	2.4
151R	0	0	3	0	1	2.6
152F	0	3	3	0	0.6	2.8
153T	0	0	3	0	1	2.8
154E	0	0	3	0	1	3.4
155Y	0	2	2	0	0.4	3.2
156E	0	0	6	0	0.4	3
157T	0	0	2	0	0.4	2.8
158Q	0	0	2	0	0	2.8
159V	0	0	2	0	0	2
160K	0	0	2	0	0	2
161V	0	0	2	0	0	2
162M	0	0	2	0	0	2
163S	0	0	2	0	0	2
164Q	0	0	2	0	0	2
165R	0	0	2	0	0	2
166H	0	0	2	0	0	2.2
167M	0	0	2	0	0	2.2
168I	0	0	3	0.4	0	2.2
169D	0	0	2	0.4	0	2.2
170G	2	0	2	0.4	0.4	2.2
171R	0	0	2	0.4	0.4	2
172W	0	2	2	0.4	0.4	2
173C	0	0	2	0	0.4	2
174D	0	0	2	0	0.4	2
175C	0	0	2	0	0	2
176K	0	0	2	0	0	2
177L	0	0	2	0	0	2
178P	0	0	2	0	0	2
179N	0	0	2	0	0	2
180S	0	0	2	0	0	1.8
181K	0	0	2	0	0	1.6
182Q	0	0	1	0	0	18.4
183S	0	0	1	0	0	18.2
184Q	0	0	86	0	0	18
185D	0	0	1	0	0	18
186E	0	0	1	0	0	18
187P	0	0	1	0	0	1
188L	0	0	1	0	0	1
189R	0	0	1	0	0	1
190S	0	0	1	0	0	1
191R	0	0	1	0	0	1.2
192K	0	0	1	0	0.2	1.2
193V	0	0	2	0	0.2	1.2
194F	0	1	1	0.2	0.2	1.2
195V	0	0	1	0.2	0.2	1.2
196G	1	0	1	0.2	0.2	1
197R	0	0	1	0.2	0	1
198C	0	0	1	0.2	0	1.4
199T	0	0	1	0	0	1.4
200E	0	0	3	0	0	1.4
201D	0	0	1	0	0	1.4
202M	0	0	1	0	0	17.6
203T	0	0	1	0	0	19.2
204E	0	0	82	0	0	19.2
205D	0	0	11	0	0	19.2
206E	0	0	1	0	0	23.6
207L	0	0	1	0	0	24.4
208R	0	0	23	0	0	22.2
209E	0	0	86	0	0	22
210F	0	0	0	0	0	37
211F	0	0	0	0	0	32.4
212S	0	0	76	0	0	15.2
213Q	0	0	0	0	0	15.2
214Y	0	0	0	0	0	32.4
215G	0	0	0	0	0	17.2
216D	0	0	86	0	0	33.6
217V	0	0	0	0	0	33.6
218M	0	0	82	0	0	33.6
219D	0	0	0	0	0	16.4
220V	0	0	0	0	0	16.4
221F	0	0	0	0	0	0
222I	0	0	0	0	0	0.4
223P	0	0	0	0	0	0.4
224K	0	0	2	0	0	0.4
225P	0	0	0	0	0	0.4
226F	0	0	0	0	0	0.4
227R	0	0	0	0	0	0
228A	0	0	0	0	0	0
229F	0	0	0	0	0	0
230A	0	0	0	0	0	0
231F	0	0	0	0	0	0
232V	0	0	0	0	0	0
233T	0	0	0	0	0	0
234F	0	0	0	0	0	0
235A	0	0	0	0	0	0
236D	0	0	0	0	0	1.6
237D	0	0	0	0	0	18
238Q	0	0	8	0	0	18
239I	0	0	82	0	0	18
240A	0	0	0	0	0	18
241Q	0	0	0	0	0	16.4
242S	0	0	0	0	0	0
243L	0	0	0	0	0	0
244C	0	0	0	0	0	0
245G	0	0	0	0	0	0
246E	0	0	0	0	0	0
247D	0	0	0	0	0	0
248L	0	0	0	0	0	0
249I	0	0	0	0	0	0
250I	0	0	0	0	0	0
251K	0	0	0	0	0	0
252G	0	0	0	0	0	0
253I	0	0	0	0	0	0
254S	0	0	0	0	0	0
255V	0	0	0	0	0	0.2
256H	0	0	0	0	0	0.2
257I	0	0	1	0	0	0.2
258S	0	0	0	0	0	0.2
259N	0	0	0	0	0	0.2
260A	0	0	0	0	0	0
261E	0	0	0	0	0	0
262P	0	0	0	0	0	0
263K	0	0	0	0	0	0.6
264H	0	0	0	0	0	0.8
265N	0	0	3	0	0	1
266S	0	0	1	0	0	1
267N	0	0	1	0	0	1
268R	0	0	0	0	0	0.4
269Q	0	0	0	0	0	0.2
270L	0	0	0	0	0	0
271E	0	0	0	0	0	0
272R	0	0	0	0.2	0	0.2
273S	0	0	0	0.2	0	0.2
274G	1	0	1	0.2	0	0.2
275R	0	0	0	0.2	0	0.2
276F	0	0	0	0.2	0	0.2
277G	0	0	0	0	0	0.2
278G	0	0	0	0	0	0.2
279N	0	0	1	0	0	0.2
280P	0	0	0	0	0	0.2
281G	0	0	0	0	0	0.2
282G	0	0	0	0	0	0
283F	0	0	0	0	0	0.2
284G	0	0	0	0	0	0.4
285N	0	0	1	0	0	0.4
286Q	0	0	1	0	0	0.4
287G	0	0	0	0	0	0.4
288G	0	0	0	0	0	0.2
289F	0	0	0	0	0	0
290G	0	0	0	0	0	0.8
291N	0	0	0	0	0	0.8
292S	0	0	4	0.4	0	1.2
293R	0	0	0	0.4	0	1.2
294G	2	0	2	0.4	0	1.2
295G	0	0	0	0.4	0	0.6
296G	0	0	0	0.4	0	0.6
297A	0	0	1	0	0	0.2
298G	0	0	0	0	0	0.2
299L	0	0	0	0	0	0.2
300G	0	0	0	0	0	0.2
301N	0	0	0	0	0	0.2
302N	0	0	1	0.2	0	0.4
303Q	0	0	0	0.2	0	2.2
304G	1	0	1	0.2	0	2.2
305S	0	0	9	0.2	0	2
306N	0	0	0	0.4	0	2.2
307M	0	0	0	0.2	0	2
308G	1	0	1	0.2	0	0.2
309G	0	0	0	0.2	0	0.2
310G	0	0	0	0.2	0	0.2
311M	0	0	0	0	0	0
312N	0	0	0	0	0	0
313F	0	0	0	0	0	0
314G	0	0	0	0	0	0
315A	0	0	0	0	0	0
316F	0	0	0	0	0	0
317S	0	0	0	0	0	0
318I	0	0	0	0	0	0
319N	0	0	0	0	0	0
320P	0	0	0	0	0	0
321A	0	0	0	0	0	0
322M	0	0	0	0	0	0
323M	0	0	0	0	0	0.4
324A	0	0	0	0	0	0.4
325A	0	0	2	0	0	0.4
326A	0	0	0	0	0	0.6
327Q	0	0	0	0	0	0.6
328A	0	0	1	0	0	0.2
329A	0	0	0	0	0	0.2
330L	0	0	0	0	0	0.2
331Q	0	0	0	0	0	0
332S	0	0	0	0	0	0
333S	0	0	0	0	0	0
334W	0	0	0	0	0	0
335G	0	0	0	0	0	0
336M	0	0	0	0.2	0	0.2
337M	0	0	0	0.2	0	0.2
338G	1	0	1	0.2	0	0.6
339M	0	0	0	0.2	0	0.6
340L	0	0	2	0.2	0	0.6
341A	0	0	0	0	0	0.6
342S	0	0	0	0	0	0.8
343Q	0	0	1	0	0	1
344Q	0	0	1	0	0	1
345N	0	0	3	0	0	1
346Q	0	0	0	0	0	0.8
347S	0	0	0	0	0	0.6
348G	0	0	0	0	0	0
349P	0	0	0	0.2	0	0.2
350S	0	0	0	0.2	0	0.2
351G	1	0	1	0.2	0	0.8
352N	0	0	0	0.2	0	0.8
353N	0	0	3	0.2	0	19.8
354Q	0	0	0	0	0	19.6
355N	0	0	95	0	0	19.6
356Q	0	0	0	0	0	20.8
357G	0	0	0	0	0	20.8
358N	0	0	9	0	0	1.8
359M	0	0	0	0	0	1.8
360Q	0	0	0	0	0	2
361R	0	0	0	0	0	0.4
362E	0	0	1	0	0	0.4
363P	0	0	1	0	0	0.6
364N	0	0	0	0	0	1
365Q	0	0	1	0	0	0.8
366A	0	0	2	0	0	0.6
367F	0	0	0	0	0	0.6
368G	0	0	0	0	0	0.4
369S	0	0	0	0	0	0.2
370G	0	0	0	0	0	0.4
371N	0	0	1	0	0	0.6
372N	0	0	1	0	0	0.6
373S	0	0	1	0	0	1
374Y	0	0	0	0	0	0.8
375S	0	0	2	0	0	0.6
376G	0	0	0	0	0	0.4
377S	0	0	0	0	0	0.6
378N	0	0	0	0	0	0.2
379S	0	0	1	0	0	0.4
380G	0	0	0	0	0	2.2
381A	0	0	1	0	0	4
382A	0	0	9	0	0	3.8
383I	0	0	9	0	0	3.8
384G	0	0	0	0	0	3.6
385W	0	0	0	0	0	1.8
386G	0	0	0	0	0	0.6
387S	0	0	0	0	0	0.6
388A	0	0	3	0	0	0.6
389S	0	0	0	0	0	1.4
390N	0	0	0	0	0	1.4
391A	0	0	4	0	0	0.8
392G	0	0	0	0	0	0.8
393S	0	0	0	0	0	0.8
394G	0	0	0	0	0	0
395S	0	0	0	0	0	0
396G	0	0	0	0	0	0
397F	0	0	0	0	0	0
398N	0	0	0	0	0	0
399G	0	0	0	0	0	0
400G	0	0	0	0	0	0
401F	0	0	0	0	0	0
402G	0	0	0	0	0	0
403S	0	0	0	0	0	0
404S	0	0	0	0	0	0
405M	0	0	0	0	0	0
406D	0	0	0	0	0	0
407S	0	0	0	0	0	1.8
408K	0	0	0	0	0	1.8
409S	0	0	9	1.8	0	3.6
410S	0	0	0	1.8	0	3.6
411G	9	0	9	1.8	0	3.6
412W	0	0	0	1.8	0	1.8
413G	0	0	0	2.25	0	2.25
414M	0	0	0	0	0	0
						
