NULL	A	C	D	E	F	G	H	I	K	L	M	N	P	Q	R	S	T	V	W	Y	GAP
13S	0	0	0	0	0	0	0	0	0	0	0	0	0	0	0	0	0	0	0	0	0
14Y	0	0	0	0	0	0	0	0	0	0	0	0	0	0	0	0	0	0	0	0	0
15G	0	0	0	0	0	0	0	0	0	0	0	0	0	0	0	0	0	0	0	0	0
16A	0	0	0	0	0	0	0	0	0	0	0	0	0	0	0	1	0	0	0	0	0
17Y	0	0	0	0	0	0	0	0	0	0	0	0	0	0	0	0	0	0	0	0	0
18P	0	0	0	0	0	0	0	0	0	0	0	0	0	0	0	1	0	0	0	0	0
19T	1	0	0	0	0	0	0	0	0	0	0	0	0	0	0	1	0	0	0	0	0
24G	0	0	0	0	0	0	0	0	0	0	0	0	0	0	0	0	0	0	0	0	0
25Y	0	0	0	0	0	0	0	0	0	0	0	0	0	0	0	0	0	0	0	0	0
26S	0	0	0	0	0	0	0	0	0	0	0	0	0	0	0	0	0	0	0	0	0
27Q	0	0	0	0	0	0	0	0	0	0	0	0	0	0	0	0	0	0	0	0	0
32P	0	0	0	0	0	0	0	0	0	0	0	0	0	0	0	0	0	0	0	0	0
33Y	0	0	0	0	0	0	0	0	0	0	0	0	0	0	0	0	0	0	0	0	0
34G	0	0	0	0	0	0	0	0	0	0	0	0	0	0	0	0	0	0	0	0	0
35Q	0	0	0	0	0	0	0	0	0	0	0	0	0	0	0	0	0	0	0	0	1
37S	0	0	0	0	1	0	0	0	0	0	0	0	0	0	0	0	0	0	0	0	0
38Y	0	0	0	0	1	0	0	0	0	0	0	0	0	0	0	0	0	0	0	0	0
39S	0	0	0	0	0	22	0	1	0	0	0	0	0	0	1	0	0	0	0	0	0
40G	0	0	0	0	0	0	0	0	0	1	0	0	0	0	0	2	1	0	0	0	0
41Y	0	0	0	0	0	0	0	1	0	0	0	0	0	0	0	0	0	0	0	0	0
42S	1	0	0	0	0	70	0	0	0	0	0	0	0	0	0	0	0	0	0	0	0
43Q	0	0	0	0	0	0	0	0	0	0	0	0	1	0	0	0	0	0	0	0	1
49G	0	0	0	0	0	0	0	0	0	0	0	0	0	0	0	4	0	0	0	0	1
50Y	0	0	0	0	0	0	0	0	0	0	0	0	0	0	0	0	0	0	0	0	1
51G	0	0	0	0	0	0	0	0	0	0	0	0	0	0	0	0	0	0	0	0	1
52Q	0	0	0	0	0	0	0	0	0	0	0	0	0	0	0	0	0	0	0	0	1
54S	0	0	0	0	0	1	0	0	0	0	0	0	0	0	0	0	5	0	0	0	1
55Y	0	0	0	0	0	0	0	0	0	0	0	0	0	0	0	0	0	0	0	0	1
56S	0	0	0	0	0	20	0	0	0	0	0	0	0	0	0	0	0	0	0	0	2
57S	0	0	0	0	0	0	0	0	0	0	0	0	0	0	0	0	0	0	0	0	1
58Y	0	0	0	0	0	0	0	0	0	0	0	0	0	0	0	0	0	0	0	0	1
59G	0	0	0	0	0	0	0	0	0	0	0	0	0	0	0	0	0	0	0	0	1
60Q	0	0	0	0	0	0	0	0	0	0	0	0	0	0	0	0	0	0	0	0	1
65G	1	0	0	0	0	0	0	0	0	0	0	0	0	0	0	0	0	0	0	0	4
66Y	0	0	0	0	0	0	0	0	0	0	0	0	0	0	0	0	0	0	0	0	0
67G	0	0	0	0	0	0	0	0	0	0	0	3	0	0	0	15	0	0	0	0	0
68T	4	0	0	0	0	0	0	0	0	0	0	0	0	0	0	0	0	0	0	0	0
74G	0	0	0	0	0	0	0	0	0	0	0	0	0	0	0	0	0	0	0	0	0
75Y	0	0	0	0	0	0	0	0	0	0	0	0	0	0	0	0	0	0	0	0	0
76G	0	0	0	0	0	0	0	0	0	0	0	0	0	0	0	2	0	0	0	0	0
77S	0	0	0	0	0	0	0	0	0	0	0	0	0	0	0	0	1	0	0	0	0
80G	0	0	0	0	0	0	0	0	0	0	0	0	0	0	0	1	0	0	0	0	0
81Y	0	0	0	0	0	0	0	0	0	0	0	0	0	0	0	0	0	0	0	0	0
82G	0	0	0	0	0	0	0	0	0	0	0	0	0	0	0	2	0	0	0	0	0
83S	0	0	0	0	0	13	0	0	0	0	0	0	0	0	0	0	0	0	0	0	3
90S	0	0	0	0	0	0	0	0	0	0	0	0	0	0	0	0	0	0	0	0	0
91Y	0	0	0	0	0	0	0	0	0	0	0	0	0	0	0	0	0	0	0	0	0
92G	0	0	0	0	0	0	0	0	0	0	0	0	0	0	0	0	0	0	0	0	0
93Q	0	0	0	0	0	0	0	0	0	0	0	0	0	0	0	0	0	0	0	0	0
96S	0	0	0	0	0	0	0	0	0	0	0	0	0	0	0	0	0	0	0	0	0
97Y	0	0	0	0	0	0	0	0	0	0	0	0	0	0	0	0	0	0	0	0	0
98P	0	0	0	0	0	0	0	0	0	0	0	0	0	0	0	0	0	0	0	0	0
99G	0	0	0	0	0	0	0	0	0	0	0	0	0	0	0	0	0	0	0	0	0
100Y	0	0	0	0	0	0	0	0	0	0	0	0	0	0	0	0	0	0	0	0	0
101G	0	0	0	0	0	0	0	0	0	0	0	0	0	0	0	2	0	0	0	0	0
102Q	0	0	0	0	0	0	0	0	0	0	0	0	0	0	0	0	0	0	0	0	0
112S	0	0	0	0	0	2	0	0	0	0	0	0	0	0	0	0	0	0	0	0	0
113Y	0	0	0	0	1	0	0	0	0	0	0	0	0	0	0	0	0	0	0	0	0
114G	0	0	0	0	0	0	0	0	0	0	0	0	0	0	0	4	0	0	0	0	0
115S	0	0	0	0	0	25	0	0	0	0	0	0	0	0	0	0	1	0	0	0	0
121S	0	0	0	0	0	30	0	0	0	0	0	7	0	0	0	0	0	0	0	0	0
122Y	0	0	0	0	0	0	0	0	0	0	0	0	0	0	0	0	0	0	0	0	0
123G	0	0	0	0	0	0	0	0	0	0	0	0	0	0	0	0	0	0	0	0	0
124Q	0	0	0	0	0	0	0	0	0	0	0	0	1	0	0	0	0	0	0	0	0
129S	0	0	0	0	0	92	0	0	0	0	0	0	0	0	0	0	0	0	0	0	0
130Y	0	0	0	0	0	0	0	0	0	0	0	0	0	0	0	0	0	0	0	0	0
131S	0	0	0	0	0	93	0	0	0	0	0	0	0	0	0	0	0	0	0	0	1
132Q	0	0	0	0	0	0	0	0	0	0	0	0	3	0	0	0	0	0	0	0	1
135S	0	0	0	0	0	76	0	0	0	0	0	0	0	0	0	0	3	0	0	0	1
136Y	0	0	0	0	0	0	0	0	0	0	0	0	0	0	0	0	0	0	0	0	1
137G	0	0	0	0	0	0	0	0	0	0	0	0	0	0	0	8	0	0	0	0	2
138G	0	0	0	0	0	0	0	0	0	0	0	0	0	0	0	1	0	0	0	0	0
142S	0	0	0	0	0	18	0	0	0	0	0	2	0	0	0	0	3	0	0	0	0
143Y	0	0	0	0	0	0	0	0	0	0	0	0	0	0	0	0	0	0	0	0	0
144G	0	0	0	0	0	0	0	0	0	0	0	0	0	0	0	0	0	0	0	0	0
145Q	0	0	0	0	0	0	0	0	0	0	0	0	0	0	0	0	0	0	0	0	0
148S	0	0	0	0	0	0	0	0	0	0	0	0	0	0	0	0	0	0	0	0	0
149Y	0	0	0	0	0	0	0	0	0	0	0	0	0	0	0	0	0	0	0	0	0
150N	0	0	0	0	0	0	0	0	0	0	0	0	0	0	0	0	0	0	0	0	0
151P	1	0	0	0	0	0	0	0	0	0	0	0	0	0	0	1	0	0	0	0	0
154G	0	0	0	0	0	0	0	0	0	0	0	0	0	0	0	0	0	1	0	0	0
155Y	0	0	0	0	0	0	0	0	0	0	0	0	0	0	0	0	0	0	0	0	0
156G	0	0	0	0	0	0	0	0	0	0	0	0	0	0	0	0	0	0	0	0	0
157Q	0	0	0	0	0	0	0	0	0	0	0	0	0	0	0	0	0	0	0	0	0
160Q	0	0	0	0	0	0	0	0	0	0	0	0	0	0	0	0	0	0	0	0	0
161Y	0	0	0	0	0	0	0	0	0	0	0	0	0	0	0	0	0	0	0	0	0
162N	0	0	0	0	0	0	0	0	0	0	0	0	0	0	0	0	0	0	0	0	4
163S	0	0	0	0	0	0	0	0	0	0	0	1	0	0	0	0	0	0	0	0	5
176N	0	0	0	0	0	3	0	0	0	0	0	0	0	0	0	38	0	0	0	0	0
177Y	0	0	0	0	0	0	0	0	0	0	0	0	0	0	0	0	0	0	0	0	0
178G	0	0	0	0	0	0	0	0	0	0	0	0	0	0	0	1	0	0	0	0	0
179Q	0	0	0	0	0	0	0	0	0	0	0	0	0	0	0	0	0	0	0	0	0
193G	0	0	0	0	0	0	0	0	0	0	0	0	0	0	0	0	0	0	0	0	2
194Y	0	1	1	0	0	0	0	0	0	0	0	0	0	0	0	0	0	0	0	0	2
195G	0	0	0	0	0	0	0	0	0	0	0	0	0	0	0	0	0	0	0	0	2
196N	0	0	0	0	0	4	0	0	0	0	0	0	0	0	0	14	0	0	0	0	2
207G	0	0	0	0	0	0	0	0	0	0	0	0	0	0	0	1	0	0	0	1	15
208Y	0	0	0	0	0	48	1	0	0	0	0	0	0	0	0	0	0	0	0	0	24
209G	0	0	0	0	0	0	0	0	0	0	0	0	0	0	0	1	0	0	0	0	3
210Q	0	0	0	0	0	0	0	0	0	0	0	0	0	0	0	0	0	0	0	0	2
231G	0	0	0	0	0	0	0	0	0	0	0	0	0	0	0	0	0	0	0	0	2
232Y	0	0	0	0	0	0	0	0	0	0	0	0	0	0	0	0	0	0	0	0	2
233N	0	0	0	0	0	0	0	0	0	0	0	0	0	0	0	6	0	0	0	0	2
234R	0	0	0	0	0	0	0	0	0	0	0	0	0	0	0	0	0	0	0	0	2
238G	0	0	0	0	0	0	0	0	0	0	0	0	0	0	0	0	0	0	0	0	1
239Y	0	0	0	0	0	0	0	0	0	0	0	0	0	0	0	0	0	0	0	0	1
240E	0	0	0	0	0	0	0	0	0	0	0	0	0	0	0	0	0	0	0	0	1
241P	0	0	0	0	0	0	0	0	0	0	0	0	0	0	0	0	0	0	0	0	1
