NULL	A	C	D	E	F	G	H	I	K	L	M	N	P	Q	R	S	T	V	W	Y	GAP
1M	0	0	0	0	0	0	0	0	0	0	0	0	0	0	0	0	0	0	0	0	0
2S	0	0	0	0	0	0	0	0	0	0	0	0	0	0	0	0	0	0	0	0	0
3E	0	0	0	0	0	0	0	0	0	0	0	0	0	0	0	0	0	0	0	0	0
4Y	0	0	0	0	0	0	0	0	0	0	0	0	0	0	0	0	0	0	0	0	0
5I	0	0	0	0	0	0	0	0	0	0	0	0	0	0	0	0	0	0	0	0	0
6R	0	0	0	0	0	0	0	0	0	0	0	0	0	0	0	0	0	0	0	0	0
7V	0	0	0	0	0	0	0	0	0	0	0	0	0	0	0	0	0	0	0	0	0
8T	0	0	0	0	0	0	0	0	0	0	0	0	0	0	0	0	0	0	0	0	0
9E	0	0	0	0	0	0	0	0	0	0	0	0	0	0	0	0	0	0	0	0	0
10D	0	0	0	0	0	0	0	0	0	0	0	0	0	0	0	0	0	0	0	0	0
11E	0	0	0	0	0	0	0	0	0	0	0	0	0	0	0	0	0	0	0	0	0
12N	0	0	0	0	0	0	0	0	0	0	0	0	0	0	0	1	0	0	0	0	0
13D	0	0	0	1	0	0	0	0	0	0	0	0	0	0	0	0	0	0	0	0	0
14E	0	0	0	0	0	0	0	0	1	0	0	0	0	0	0	0	0	0	0	0	0
15P	0	0	0	0	0	0	0	0	0	0	0	0	0	0	0	0	0	0	0	0	0
16I	0	0	0	0	0	0	0	0	0	0	0	0	0	0	0	0	0	0	0	0	0
17E	0	0	0	0	0	0	0	0	0	0	0	0	0	0	0	0	0	0	0	0	0
18I	0	0	0	0	0	0	0	0	0	0	0	0	0	0	0	0	0	0	0	0	0
19P	0	0	0	0	0	0	0	0	0	0	0	0	0	0	0	0	0	0	0	0	0
20S	1	0	0	0	0	0	0	0	0	0	0	0	0	0	0	0	0	0	0	0	0
21E	0	0	0	0	0	0	0	0	0	0	0	0	0	0	0	0	0	0	0	0	0
22D	0	0	0	0	0	0	0	0	0	0	0	0	0	0	0	0	0	0	0	0	0
23D	0	0	0	0	0	0	0	0	0	0	0	0	0	0	0	0	0	0	0	0	0
24G	0	0	0	0	0	0	0	0	0	0	0	0	0	0	0	0	0	0	0	0	0
25T	0	0	0	0	0	0	0	0	0	0	0	0	0	0	0	0	0	0	0	0	0
26V	0	0	0	0	0	0	0	0	0	0	0	0	0	0	0	0	0	0	0	0	0
27L	0	0	0	0	0	0	0	0	0	0	0	0	0	0	0	0	0	0	0	0	0
28L	0	0	0	0	0	0	0	0	0	0	0	0	0	0	0	0	0	0	0	0	0
29S	0	0	0	0	0	0	0	0	0	0	0	0	0	0	0	0	0	0	0	0	0
30T	0	0	0	0	0	0	0	0	0	0	0	0	0	0	0	0	0	0	0	0	0
31V	0	0	0	0	0	0	0	0	0	0	0	0	0	0	0	0	0	0	0	0	0
32T	0	0	0	0	0	0	0	0	0	0	0	0	0	0	0	0	0	0	0	0	0
33A	0	0	0	0	0	0	0	0	0	0	0	0	0	0	0	0	0	0	0	0	0
34Q	0	0	0	0	0	0	0	0	0	0	0	0	0	0	0	0	0	0	0	0	0
35F	0	0	0	0	0	0	0	0	0	0	0	0	0	0	0	0	0	0	0	0	0
36P	0	0	0	0	0	0	0	0	0	0	0	0	0	0	0	0	0	0	0	0	0
37G	0	0	0	0	0	0	0	0	0	0	0	0	0	0	1	0	0	0	0	0	0
38A	0	0	0	0	0	0	0	0	0	0	0	0	0	0	0	0	0	0	0	0	0
39C	0	0	0	0	0	0	0	0	0	0	0	0	0	0	0	0	0	0	0	0	0
40G	0	0	0	0	0	0	0	0	0	0	0	0	0	0	0	0	0	0	0	0	0
41L	0	0	0	0	0	0	0	0	0	0	0	0	0	0	0	0	0	0	0	0	0
42R	0	0	0	0	0	0	1	0	0	0	0	0	0	0	0	0	0	0	0	0	0
43Y	0	0	0	0	0	0	1	0	0	0	0	0	0	0	0	0	0	0	0	0	0
44R	0	0	0	0	0	0	0	0	0	0	0	0	0	0	0	0	0	0	0	0	0
45N	0	0	0	0	0	0	0	0	0	0	0	0	0	0	0	0	0	0	0	0	0
46P	0	0	0	0	0	0	0	0	0	0	0	0	0	0	0	0	0	0	0	0	0
47V	0	0	0	0	0	0	0	0	0	0	0	0	0	0	0	0	0	0	0	0	0
48S	0	0	0	0	0	0	0	0	0	0	0	0	0	0	0	0	2	0	0	0	0
49Q	0	0	0	0	0	0	0	0	0	0	0	0	0	0	0	0	0	0	0	0	0
50C	0	0	0	0	0	0	0	0	0	0	0	0	0	0	0	0	0	0	0	0	0
51M	0	0	0	0	0	0	0	0	0	0	0	0	0	0	0	0	0	0	0	0	0
52R	0	0	0	0	0	0	0	0	0	0	0	0	0	0	0	0	0	0	0	0	0
53G	0	0	0	0	0	0	0	0	0	0	0	0	0	0	0	0	0	0	0	0	0
54V	0	0	0	0	0	0	0	0	0	0	0	0	0	0	0	0	0	0	0	0	0
55R	0	0	0	0	0	0	0	0	0	0	0	0	0	0	0	0	0	0	0	0	0
56L	0	0	0	0	0	0	0	0	0	0	0	0	0	0	0	0	0	0	0	0	0
57V	1	0	0	0	0	0	0	0	0	0	0	0	0	0	0	0	0	0	0	0	0
58E	0	0	0	0	0	0	0	0	0	0	0	0	0	0	0	0	0	0	0	0	0
59G	0	0	0	0	0	0	0	0	0	0	0	0	0	0	0	0	0	0	0	0	0
60I	0	0	0	0	0	0	0	0	0	0	0	0	0	0	0	0	0	2	0	0	0
61L	0	0	0	0	0	0	0	0	0	0	0	0	0	0	0	0	0	0	0	0	0
62H	0	0	0	0	0	0	0	0	0	0	0	0	0	0	0	0	0	0	0	0	0
63A	0	0	0	0	0	0	0	0	0	0	0	0	0	0	0	0	0	0	0	0	0
64P	0	0	0	0	0	0	0	0	0	0	0	0	0	0	0	0	0	0	0	0	0
65D	0	0	0	4	0	0	0	0	0	0	0	0	0	0	0	0	0	0	0	0	0
66A	0	0	0	0	0	0	0	0	0	0	0	2	0	0	0	0	0	0	0	0	0
67G	0	0	0	0	0	0	0	0	0	0	0	0	0	0	0	0	0	0	0	0	0
68W	0	0	0	0	0	0	0	0	0	0	0	0	0	0	1	0	0	0	0	0	0
69G	0	0	0	0	0	0	0	0	0	0	0	0	0	0	0	0	0	0	0	0	0
70N	0	0	0	0	0	0	0	0	0	0	0	0	0	0	0	0	0	0	0	0	0
71L	0	0	0	0	0	0	0	0	0	0	0	0	0	0	0	0	0	0	0	0	0
72V	0	0	0	0	0	0	0	0	0	0	0	0	0	0	0	0	0	0	0	0	0
73Y	0	0	0	0	0	0	0	0	0	0	0	0	0	0	0	0	0	0	0	0	0
74V	0	0	0	0	0	0	0	0	0	0	0	0	0	0	0	0	0	0	0	0	0
75V	0	0	0	0	0	0	0	0	0	0	0	0	0	0	0	0	0	0	0	0	0
76N	0	0	0	0	0	0	0	0	0	0	0	0	0	0	0	0	0	0	0	0	0
77Y	0	0	0	0	0	0	0	0	0	0	0	0	0	0	0	0	0	0	0	0	0
78P	0	0	0	0	0	0	0	0	0	0	0	0	0	0	0	0	0	0	0	0	0
79K	0	0	0	0	0	0	0	0	0	0	0	0	0	0	0	0	0	0	0	0	0
80D	0	0	0	0	0	0	0	0	0	0	0	0	0	0	0	0	0	0	0	0	0
81N	0	0	0	0	0	0	0	0	0	0	0	0	0	0	0	0	0	0	0	0	0
82K	0	0	0	0	0	0	0	0	0	0	0	0	0	0	0	0	0	0	0	0	0
83R	0	0	0	0	0	0	0	0	0	0	0	0	0	0	0	0	0	0	0	0	0
84K	0	0	0	0	0	0	0	0	0	0	0	0	0	0	0	0	0	0	0	0	0
85M	0	0	0	0	0	0	0	0	0	0	0	0	0	0	0	0	0	0	0	0	0
86D	0	0	0	0	0	0	0	0	0	0	0	0	0	0	0	0	0	0	0	0	0
87E	0	0	0	0	0	0	0	0	0	0	0	0	0	0	0	0	0	0	0	0	0
88T	4	0	0	0	0	0	0	0	0	0	0	0	0	0	0	0	0	0	0	0	0
89D	0	0	0	0	0	0	0	0	0	1	0	0	0	0	0	0	0	0	0	0	0
90A	0	0	0	0	0	0	0	0	0	0	0	0	0	0	0	0	0	0	0	0	0
91S	0	0	0	0	0	0	0	0	0	0	0	0	0	0	0	0	0	0	0	0	0
92S	0	0	0	0	0	0	0	0	0	0	0	0	0	0	0	0	0	0	0	0	0
93A	0	0	0	0	0	0	0	0	0	0	0	0	0	0	0	0	0	0	0	0	0
94V	0	0	0	0	0	0	0	0	0	0	0	0	0	0	0	0	0	0	0	0	0
95K	0	0	0	0	0	0	0	0	0	0	0	0	0	0	0	0	0	0	0	0	0
96V	0	0	0	0	0	0	0	0	0	0	0	0	0	0	0	0	0	0	0	0	0
97K	0	0	0	0	0	0	0	0	0	0	0	0	0	0	0	0	0	0	0	0	0
98R	0	0	0	0	0	0	0	0	0	0	0	0	0	0	0	0	0	0	0	0	0
99A	0	0	0	0	0	0	0	0	0	0	0	0	0	0	0	0	0	1	0	0	0
100V	0	0	0	0	0	0	0	0	0	0	0	0	0	0	0	0	0	0	0	0	0
101Q	0	0	0	0	0	0	0	0	0	0	0	0	0	0	0	0	0	0	0	0	0
102K	0	0	0	0	0	0	0	0	0	0	0	0	0	0	0	0	0	0	0	0	0
103T	0	0	0	0	0	0	0	0	0	0	0	0	0	0	0	0	0	0	0	0	0
104S	0	0	0	0	0	0	0	0	0	0	0	0	0	0	0	0	0	0	0	0	0
105D	0	0	0	0	0	0	0	0	0	0	0	0	0	0	0	0	0	0	0	0	0
106L	0	0	0	0	1	0	0	0	0	0	0	0	0	0	0	0	0	0	0	0	0
107I	0	0	0	0	0	0	0	0	0	0	0	0	0	0	0	0	0	0	0	0	0
108V	0	0	0	0	0	0	0	0	0	0	0	0	0	0	0	0	0	0	0	0	0
109L	0	0	0	0	0	0	0	0	0	0	0	0	0	0	0	0	0	0	0	0	0
110G	0	0	0	0	0	0	0	0	0	0	0	0	0	0	0	0	0	0	0	0	0
111L	0	0	0	0	0	0	0	0	0	0	0	0	0	0	0	0	0	0	0	0	0
112P	0	0	0	0	0	0	0	0	0	0	0	0	0	0	0	0	0	0	0	0	0
113W	0	0	0	0	0	0	0	0	0	0	0	0	0	0	0	0	0	0	0	0	0
114K	0	0	0	0	0	0	0	0	0	0	0	0	0	0	0	0	0	0	0	0	0
115T	0	0	0	0	0	0	0	0	0	0	0	0	0	0	0	0	0	0	0	0	0
116T	0	0	0	0	0	0	0	0	0	0	0	0	0	0	0	0	0	0	0	0	0
117E	0	0	0	0	0	0	0	0	0	0	0	0	0	0	0	0	0	0	0	0	0
118Q	0	0	0	0	0	0	0	0	0	0	0	0	0	0	0	0	0	0	0	0	0
119D	0	0	0	0	0	1	0	0	0	0	0	0	0	0	0	0	0	0	0	0	0
120L	0	0	0	0	0	0	0	0	0	0	0	0	0	0	0	0	0	0	0	0	0
121K	0	0	0	0	0	0	0	0	0	0	0	0	0	0	0	0	0	0	0	0	0
122E	0	0	25	0	0	0	0	0	0	0	0	0	0	0	0	0	0	0	0	0	0
123Y	0	0	0	0	0	0	0	0	0	0	0	0	0	0	0	0	0	0	0	0	0
124F	0	0	0	0	0	0	0	0	0	0	0	0	0	0	0	0	0	0	0	0	0
125S	0	0	0	0	0	0	0	0	0	0	0	0	0	0	0	0	0	0	0	0	0
126T	0	0	0	0	0	0	0	0	0	0	0	0	0	0	0	0	0	0	0	0	0
127F	0	0	0	0	0	0	0	0	0	0	0	0	0	0	0	0	0	0	0	0	0
128G	0	0	0	0	0	0	0	0	0	0	0	0	0	0	0	0	0	0	0	0	0
129E	0	0	0	0	0	0	0	0	0	0	0	0	0	0	0	0	0	0	0	0	0
130V	0	0	0	0	0	0	0	0	0	0	0	0	0	0	0	0	0	0	0	0	0
131L	0	0	0	0	0	0	0	0	0	0	0	0	0	0	0	0	0	0	0	0	0
132M	0	0	0	0	0	0	0	0	0	0	0	0	0	0	0	0	0	1	0	0	0
133V	0	0	0	0	0	0	0	0	0	0	0	0	0	0	0	0	0	0	0	0	0
134Q	0	0	0	0	0	0	0	0	0	0	0	0	0	0	0	0	0	0	0	0	0
135V	0	0	0	0	0	0	0	1	0	0	0	0	0	0	0	0	0	0	0	0	2
136K	0	0	0	0	0	0	0	0	0	0	0	0	0	0	0	0	0	0	0	0	2
137K	0	0	0	0	0	0	0	0	0	0	0	0	0	0	0	0	0	0	0	0	2
138D	0	0	0	0	0	0	0	0	0	0	0	0	0	0	0	0	0	0	0	0	2
139L	0	0	0	0	0	0	0	64	0	0	0	0	0	0	0	0	1	0	0	0	2
140K	0	0	0	0	0	0	0	0	0	0	0	0	0	0	0	0	0	0	0	0	2
141T	0	0	0	0	0	0	0	0	0	0	0	0	0	0	0	0	0	0	0	0	2
142G	0	0	0	0	0	0	0	0	0	0	0	0	0	0	0	0	0	0	0	0	2
143H	0	0	0	0	0	0	0	0	0	0	0	0	0	0	0	0	0	0	0	0	2
144S	0	0	0	0	0	0	0	0	0	0	0	0	0	0	0	0	0	0	0	0	2
145K	0	0	0	0	0	0	0	0	0	0	0	0	0	0	0	0	0	0	0	0	2
146G	0	0	0	0	0	0	0	0	0	0	0	0	0	0	0	0	0	0	0	0	2
147F	0	0	0	0	0	0	0	0	0	0	0	0	0	0	0	0	0	0	0	0	2
148G	0	0	0	0	0	0	0	0	0	0	0	0	0	0	0	0	0	0	0	0	2
149F	0	0	0	0	0	0	0	0	0	0	0	0	0	0	0	0	0	0	0	0	2
150V	0	0	0	0	0	0	0	0	0	0	0	0	0	0	0	0	0	0	0	0	2
151R	0	0	0	0	0	0	0	0	0	1	0	0	0	0	0	0	0	0	0	0	2
152F	0	0	0	0	0	0	0	0	0	0	0	0	0	0	0	0	0	0	0	1	2
153T	0	0	0	0	0	0	0	0	0	0	0	0	0	0	0	0	0	0	0	0	3
154E	0	0	0	0	0	1	0	0	0	0	0	0	0	0	0	0	0	0	0	0	2
155Y	0	0	0	0	0	0	0	0	0	0	0	0	0	0	0	0	0	0	0	0	2
156E	0	0	4	0	0	0	0	0	0	0	0	0	0	0	0	0	0	0	0	0	2
157T	0	0	0	0	0	0	0	0	0	0	0	0	0	0	0	0	0	0	0	0	2
158Q	0	0	0	0	0	0	0	0	0	0	0	0	0	0	0	0	0	0	0	0	2
159V	0	0	0	0	0	0	0	0	0	0	0	0	0	0	0	0	0	0	0	0	2
160K	0	0	0	0	0	0	0	0	0	0	0	0	0	0	0	0	0	0	0	0	2
161V	0	0	0	0	0	0	0	0	0	0	0	0	0	0	0	0	0	0	0	0	2
162M	0	0	0	0	0	0	0	0	0	0	0	0	0	0	0	0	0	0	0	0	2
163S	0	0	0	0	0	0	0	0	0	0	0	0	0	0	0	0	0	0	0	0	2
164Q	0	0	0	0	0	0	0	0	0	0	0	0	0	0	0	0	0	0	0	0	2
165R	0	0	0	0	0	0	0	0	0	0	0	0	0	0	0	0	0	0	0	0	2
166H	0	0	0	0	0	0	0	0	0	0	0	0	0	0	0	0	0	0	0	0	2
167M	0	0	0	0	0	0	0	0	0	0	0	0	0	0	0	0	0	0	0	0	2
168I	0	0	0	0	0	0	0	0	0	0	0	0	0	0	0	0	1	0	0	0	2
169D	0	0	0	0	0	0	0	0	0	0	0	0	0	0	0	0	0	0	0	0	2
170G	0	0	0	0	0	0	0	0	0	0	0	0	0	0	0	0	0	0	0	0	2
171R	0	0	0	0	0	0	0	0	0	0	0	0	0	0	0	0	0	0	0	0	2
172W	0	0	0	0	0	0	0	0	0	0	0	0	0	0	0	0	0	0	0	0	2
173C	0	0	0	0	0	0	0	0	0	0	0	0	0	0	0	0	0	0	0	0	2
174D	0	0	0	0	0	0	0	0	0	0	0	0	0	0	0	0	0	0	0	0	2
175C	0	0	0	0	0	0	0	0	0	0	0	0	0	0	0	0	0	0	0	0	2
176K	0	0	0	0	0	0	0	0	0	0	0	0	0	0	0	0	0	0	0	0	2
177L	0	0	0	0	0	0	0	0	0	0	0	0	0	0	0	0	0	0	0	0	2
178P	0	0	0	0	0	0	0	0	0	0	0	0	0	0	0	0	0	0	0	0	2
179N	0	0	0	0	0	0	0	0	0	0	0	0	0	0	0	0	0	0	0	0	2
180S	0	0	0	0	0	0	0	0	0	0	0	0	0	0	0	0	0	0	0	0	2
181K	0	0	0	0	0	0	0	0	0	0	0	0	0	0	0	0	0	0	0	0	2
182Q	0	0	0	0	0	0	0	0	0	0	0	0	0	0	0	0	0	0	0	0	1
183S	0	0	0	0	0	0	0	0	0	0	0	0	0	0	0	0	0	0	0	0	1
184Q	4	0	0	0	0	0	0	0	0	1	0	0	80	0	0	0	0	0	0	0	1
185D	0	0	0	0	0	0	0	0	0	0	0	0	0	0	0	0	0	0	0	0	1
186E	0	0	0	0	0	0	0	0	0	0	0	0	0	0	0	0	0	0	0	0	1
187P	0	0	0	0	0	0	0	0	0	0	0	0	0	0	0	0	0	0	0	0	1
188L	0	0	0	0	0	0	0	0	0	0	0	0	0	0	0	0	0	0	0	0	1
189R	0	0	0	0	0	0	0	0	0	0	0	0	0	0	0	0	0	0	0	0	1
190S	0	0	0	0	0	0	0	0	0	0	0	0	0	0	0	0	0	0	0	0	1
191R	0	0	0	0	0	0	0	0	0	0	0	0	0	0	0	0	0	0	0	0	1
192K	0	0	0	0	0	0	0	0	0	0	0	0	0	0	0	0	0	0	0	0	1
193V	0	0	0	0	0	0	0	0	0	0	0	0	0	0	0	0	0	0	0	0	2
194F	0	0	0	0	0	0	0	0	0	0	0	0	0	0	0	0	0	0	0	0	1
195V	0	0	0	0	0	0	0	0	0	0	0	0	0	0	0	0	0	0	0	0	1
196G	0	0	0	0	0	0	0	0	0	0	0	0	0	0	0	0	0	0	0	0	1
197R	0	0	0	0	0	0	0	0	0	0	0	0	0	0	0	0	0	0	0	0	1
198C	0	0	0	0	0	0	0	0	0	0	0	0	0	0	0	0	0	0	0	0	1
199T	0	0	0	0	0	0	0	0	0	0	0	0	0	0	0	0	0	0	0	0	1
200E	0	0	2	0	0	0	0	0	0	0	0	0	0	0	0	0	0	0	0	0	1
201D	0	0	0	0	0	0	0	0	0	0	0	0	0	0	0	0	0	0	0	0	1
202M	0	0	0	0	0	0	0	0	0	0	0	0	0	0	0	0	0	0	0	0	1
203T	0	0	0	0	0	0	0	0	0	0	0	0	0	0	0	0	0	0	0	0	1
204E	81	0	0	0	0	0	0	0	0	0	0	0	0	0	0	0	0	0	0	0	1
205D	0	0	0	10	0	0	0	0	0	0	0	0	0	0	0	0	0	0	0	0	1
206E	0	0	0	0	0	0	0	0	0	0	0	0	0	0	0	0	0	0	0	0	1
207L	0	0	0	0	0	0	0	0	0	0	0	0	0	0	0	0	0	0	0	0	1
208R	0	0	0	1	0	0	0	0	0	0	0	0	0	21	0	0	0	0	0	0	1
209E	0	0	0	0	0	0	0	0	0	0	0	0	0	85	0	0	0	0	0	0	1
210F	0	0	0	0	0	0	0	0	0	0	0	0	0	0	0	0	0	0	0	0	0
211F	0	0	0	0	0	0	0	0	0	0	0	0	0	0	0	0	0	0	0	0	0
212S	0	74	0	0	0	2	0	0	0	0	0	0	0	0	0	0	0	0	0	0	0
213Q	0	0	0	0	0	0	0	0	0	0	0	0	0	0	0	0	0	0	0	0	0
214Y	0	0	0	0	0	0	0	0	0	0	0	0	0	0	0	0	0	0	0	0	0
215G	0	0	0	0	0	0	0	0	0	0	0	0	0	0	0	0	0	0	0	0	0
216D	0	0	0	86	0	0	0	0	0	0	0	0	0	0	0	0	0	0	0	0	0
217V	0	0	0	0	0	0	0	0	0	0	0	0	0	0	0	0	0	0	0	0	0
218M	0	0	0	1	0	0	0	0	0	0	0	0	0	0	0	0	0	81	0	0	0
219D	0	0	0	0	0	0	0	0	0	0	0	0	0	0	0	0	0	0	0	0	0
220V	0	0	0	0	0	0	0	0	0	0	0	0	0	0	0	0	0	0	0	0	0
221F	0	0	0	0	0	0	0	0	0	0	0	0	0	0	0	0	0	0	0	0	0
222I	0	0	0	0	0	0	0	0	0	0	0	0	0	0	0	0	0	0	0	0	0
223P	0	0	0	0	0	0	0	0	0	0	0	0	0	0	0	0	0	0	0	0	0
224K	0	0	0	0	0	0	0	1	0	0	0	1	0	0	0	0	0	0	0	0	0
225P	0	0	0	0	0	0	0	0	0	0	0	0	0	0	0	0	0	0	0	0	0
226F	0	0	0	0	0	0	0	0	0	0	0	0	0	0	0	0	0	0	0	0	0
227R	0	0	0	0	0	0	0	0	0	0	0	0	0	0	0	0	0	0	0	0	0
228A	0	0	0	0	0	0	0	0	0	0	0	0	0	0	0	0	0	0	0	0	0
229F	0	0	0	0	0	0	0	0	0	0	0	0	0	0	0	0	0	0	0	0	0
230A	0	0	0	0	0	0	0	0	0	0	0	0	0	0	0	0	0	0	0	0	0
231F	0	0	0	0	0	0	0	0	0	0	0	0	0	0	0	0	0	0	0	0	0
232V	0	0	0	0	0	0	0	0	0	0	0	0	0	0	0	0	0	0	0	0	0
233T	0	0	0	0	0	0	0	0	0	0	0	0	0	0	0	0	0	0	0	0	0
234F	0	0	0	0	0	0	0	0	0	0	0	0	0	0	0	0	0	0	0	0	0
235A	0	0	0	0	0	0	0	0	0	0	0	0	0	0	0	0	0	0	0	0	0
236D	0	0	0	0	0	0	0	0	0	0	0	0	0	0	0	0	0	0	0	0	0
237D	0	0	0	0	0	0	0	0	0	0	0	0	0	0	0	0	0	0	0	0	0
238Q	0	0	0	0	0	0	0	0	8	0	0	0	0	0	0	0	0	0	0	0	0
239I	0	0	0	0	0	0	0	0	0	0	0	0	0	0	0	0	0	82	0	0	0
240A	0	0	0	0	0	0	0	0	0	0	0	0	0	0	0	0	0	0	0	0	0
241Q	0	0	0	0	0	0	0	0	0	0	0	0	0	0	0	0	0	0	0	0	0
242S	0	0	0	0	0	0	0	0	0	0	0	0	0	0	0	0	0	0	0	0	0
243L	0	0	0	0	0	0	0	0	0	0	0	0	0	0	0	0	0	0	0	0	0
244C	0	0	0	0	0	0	0	0	0	0	0	0	0	0	0	0	0	0	0	0	0
245G	0	0	0	0	0	0	0	0	0	0	0	0	0	0	0	0	0	0	0	0	0
246E	0	0	0	0	0	0	0	0	0	0	0	0	0	0	0	0	0	0	0	0	0
247D	0	0	0	0	0	0	0	0	0	0	0	0	0	0	0	0	0	0	0	0	0
248L	0	0	0	0	0	0	0	0	0	0	0	0	0	0	0	0	0	0	0	0	0
249I	0	0	0	0	0	0	0	0	0	0	0	0	0	0	0	0	0	0	0	0	0
250I	0	0	0	0	0	0	0	0	0	0	0	0	0	0	0	0	0	0	0	0	0
251K	0	0	0	0	0	0	0	0	0	0	0	0	0	0	0	0	0	0	0	0	0
252G	0	0	0	0	0	0	0	0	0	0	0	0	0	0	0	0	0	0	0	0	0
253I	0	0	0	0	0	0	0	0	0	0	0	0	0	0	0	0	0	0	0	0	0
254S	0	0	0	0	0	0	0	0	0	0	0	0	0	0	0	0	0	0	0	0	0
255V	0	0	0	0	0	0	0	0	0	0	0	0	0	0	0	0	0	0	0	0	0
256H	0	0	0	0	0	0	0	0	0	0	0	0	0	0	0	0	0	0	0	0	0
257I	0	0	0	0	0	0	0	0	0	0	0	0	0	0	0	0	1	0	0	0	0
258S	0	0	0	0	0	0	0	0	0	0	0	0	0	0	0	0	0	0	0	0	0
259N	0	0	0	0	0	0	0	0	0	0	0	0	0	0	0	0	0	0	0	0	0
260A	0	0	0	0	0	0	0	0	0	0	0	0	0	0	0	0	0	0	0	0	0
261E	0	0	0	0	0	0	0	0	0	0	0	0	0	0	0	0	0	0	0	0	0
262P	0	0	0	0	0	0	0	0	0	0	0	0	0	0	0	0	0	0	0	0	0
263K	0	0	0	0	0	0	0	0	0	0	0	0	0	0	0	0	0	0	0	0	0
264H	0	0	0	0	0	0	0	0	0	0	0	0	0	0	0	0	0	0	0	0	0
265N	0	0	0	0	0	0	0	0	0	0	0	0	0	0	0	3	0	0	0	0	0
266S	0	0	0	0	0	0	0	0	0	0	0	1	0	0	0	0	0	0	0	0	0
267N	0	0	0	0	0	0	0	0	0	0	0	0	0	0	0	1	0	0	0	0	0
268R	0	0	0	0	0	0	0	0	0	0	0	0	0	0	0	0	0	0	0	0	0
269Q	0	0	0	0	0	0	0	0	0	0	0	0	0	0	0	0	0	0	0	0	0
270L	0	0	0	0	0	0	0	0	0	0	0	0	0	0	0	0	0	0	0	0	0
271E	0	0	0	0	0	0	0	0	0	0	0	0	0	0	0	0	0	0	0	0	0
272R	0	0	0	0	0	0	0	0	0	0	0	0	0	0	0	0	0	0	0	0	0
273S	0	0	0	0	0	0	0	0	0	0	0	0	0	0	0	0	0	0	0	0	0
274G	0	0	0	0	0	0	0	0	0	0	0	0	0	0	1	0	0	0	0	0	0
275R	0	0	0	0	0	0	0	0	0	0	0	0	0	0	0	0	0	0	0	0	0
276F	0	0	0	0	0	0	0	0	0	0	0	0	0	0	0	0	0	0	0	0	0
277G	0	0	0	0	0	0	0	0	0	0	0	0	0	0	0	0	0	0	0	0	0
278G	0	0	0	0	0	0	0	0	0	0	0	0	0	0	0	0	0	0	0	0	0
279N	0	0	0	0	0	0	0	0	0	0	0	0	0	0	0	0	1	0	0	0	0
280P	0	0	0	0	0	0	0	0	0	0	0	0	0	0	0	0	0	0	0	0	0
281G	0	0	0	0	0	0	0	0	0	0	0	0	0	0	0	0	0	0	0	0	0
282G	0	0	0	0	0	0	0	0	0	0	0	0	0	0	0	0	0	0	0	0	0
283F	0	0	0	0	0	0	0	0	0	0	0	0	0	0	0	0	0	0	0	0	0
284G	0	0	0	0	0	0	0	0	0	0	0	0	0	0	0	0	0	0	0	0	0
285N	0	0	0	0	0	0	0	0	0	0	0	0	0	0	0	1	0	0	0	0	0
286Q	0	0	0	0	0	0	0	0	0	0	0	0	1	0	0	0	0	0	0	0	0
287G	0	0	0	0	0	0	0	0	0	0	0	0	0	0	0	0	0	0	0	0	0
288G	0	0	0	0	0	0	0	0	0	0	0	0	0	0	0	0	0	0	0	0	0
289F	0	0	0	0	0	0	0	0	0	0	0	0	0	0	0	0	0	0	0	0	0
290G	0	0	0	0	0	0	0	0	0	0	0	0	0	0	0	0	0	0	0	0	0
291N	0	0	0	0	0	0	0	0	0	0	0	0	0	0	0	0	0	0	0	0	0
292S	0	0	0	0	0	0	0	0	0	0	0	1	0	0	0	0	0	0	0	0	3
293R	0	0	0	0	0	0	0	0	0	0	0	0	0	0	0	0	0	0	0	0	0
294G	0	0	0	0	0	0	0	0	0	0	0	0	0	0	2	0	0	0	0	0	0
295G	0	0	0	0	0	0	0	0	0	0	0	0	0	0	0	0	0	0	0	0	0
296G	0	0	0	0	0	0	0	0	0	0	0	0	0	0	0	0	0	0	0	0	0
297A	0	0	0	0	0	0	0	0	0	0	0	0	0	0	0	0	1	0	0	0	0
298G	0	0	0	0	0	0	0	0	0	0	0	0	0	0	0	0	0	0	0	0	0
299L	0	0	0	0	0	0	0	0	0	0	0	0	0	0	0	0	0	0	0	0	0
300G	0	0	0	0	0	0	0	0	0	0	0	0	0	0	0	0	0	0	0	0	0
301N	0	0	0	0	0	0	0	0	0	0	0	0	0	0	0	0	0	0	0	0	0
302N	0	0	0	0	0	0	0	0	0	0	0	0	0	0	0	1	0	0	0	0	0
303Q	0	0	0	0	0	0	0	0	0	0	0	0	0	0	0	0	0	0	0	0	0
304G	1	0	0	0	0	0	0	0	0	0	0	0	0	0	0	0	0	0	0	0	0
305S	0	0	0	0	0	9	0	0	0	0	0	0	0	0	0	0	0	0	0	0	0
306N	0	0	0	0	0	0	0	0	0	0	0	0	0	0	0	0	0	0	0	0	0
307M	0	0	0	0	0	0	0	0	0	0	0	0	0	0	0	0	0	0	0	0	0
308G	0	0	0	0	0	0	0	0	0	0	0	0	0	0	0	1	0	0	0	0	0
309G	0	0	0	0	0	0	0	0	0	0	0	0	0	0	0	0	0	0	0	0	0
310G	0	0	0	0	0	0	0	0	0	0	0	0	0	0	0	0	0	0	0	0	0
311M	0	0	0	0	0	0	0	0	0	0	0	0	0	0	0	0	0	0	0	0	0
312N	0	0	0	0	0	0	0	0	0	0	0	0	0	0	0	0	0	0	0	0	0
313F	0	0	0	0	0	0	0	0	0	0	0	0	0	0	0	0	0	0	0	0	0
314G	0	0	0	0	0	0	0	0	0	0	0	0	0	0	0	0	0	0	0	0	0
315A	0	0	0	0	0	0	0	0	0	0	0	0	0	0	0	0	0	0	0	0	0
316F	0	0	0	0	0	0	0	0	0	0	0	0	0	0	0	0	0	0	0	0	0
317S	0	0	0	0	0	0	0	0	0	0	0	0	0	0	0	0	0	0	0	0	0
318I	0	0	0	0	0	0	0	0	0	0	0	0	0	0	0	0	0	0	0	0	0
319N	0	0	0	0	0	0	0	0	0	0	0	0	0	0	0	0	0	0	0	0	0
320P	0	0	0	0	0	0	0	0	0	0	0	0	0	0	0	0	0	0	0	0	0
321A	0	0	0	0	0	0	0	0	0	0	0	0	0	0	0	0	0	0	0	0	0
322M	0	0	0	0	0	0	0	0	0	0	0	0	0	0	0	0	0	0	0	0	0
323M	0	0	0	0	0	0	0	0	0	0	0	0	0	0	0	0	0	0	0	0	0
324A	0	0	0	0	0	0	0	0	0	0	0	0	0	0	0	0	0	0	0	0	0
325A	0	0	0	0	0	0	0	0	0	0	0	0	0	0	0	0	2	0	0	0	0
326A	0	0	0	0	0	0	0	0	0	0	0	0	0	0	0	0	0	0	0	0	0
327Q	0	0	0	0	0	0	0	0	0	0	0	0	0	0	0	0	0	0	0	0	0
328A	0	0	0	0	0	0	0	0	0	0	0	0	0	0	0	0	0	1	0	0	0
329A	0	0	0	0	0	0	0	0	0	0	0	0	0	0	0	0	0	0	0	0	0
330L	0	0	0	0	0	0	0	0	0	0	0	0	0	0	0	0	0	0	0	0	0
331Q	0	0	0	0	0	0	0	0	0	0	0	0	0	0	0	0	0	0	0	0	0
332S	0	0	0	0	0	0	0	0	0	0	0	0	0	0	0	0	0	0	0	0	0
333S	0	0	0	0	0	0	0	0	0	0	0	0	0	0	0	0	0	0	0	0	0
334W	0	0	0	0	0	0	0	0	0	0	0	0	0	0	0	0	0	0	0	0	0
335G	0	0	0	0	0	0	0	0	0	0	0	0	0	0	0	0	0	0	0	0	0
336M	0	0	0	0	0	0	0	0	0	0	0	0	0	0	0	0	0	0	0	0	0
337M	0	0	0	0	0	0	0	0	0	0	0	0	0	0	0	0	0	0	0	0	0
338G	0	0	0	0	0	0	0	0	0	0	0	0	0	0	0	1	0	0	0	0	0
339M	0	0	0	0	0	0	0	0	0	0	0	0	0	0	0	0	0	0	0	0	0
340L	0	0	0	0	0	0	0	0	0	0	0	0	0	0	0	2	0	0	0	0	0
341A	0	0	0	0	0	0	0	0	0	0	0	0	0	0	0	0	0	0	0	0	0
342S	0	0	0	0	0	0	0	0	0	0	0	0	0	0	0	0	0	0	0	0	0
343Q	0	0	0	0	0	0	1	0	0	0	0	0	0	0	0	0	0	0	0	0	0
344Q	0	0	0	0	0	0	0	0	0	0	0	0	0	0	1	0	0	0	0	0	0
345N	0	0	0	0	0	0	0	0	0	0	0	0	0	0	0	3	0	0	0	0	0
346Q	0	0	0	0	0	0	0	0	0	0	0	0	0	0	0	0	0	0	0	0	0
347S	0	0	0	0	0	0	0	0	0	0	0	0	0	0	0	0	0	0	0	0	0
348G	0	0	0	0	0	0	0	0	0	0	0	0	0	0	0	0	0	0	0	0	0
349P	0	0	0	0	0	0	0	0	0	0	0	0	0	0	0	0	0	0	0	0	0
350S	0	0	0	0	0	0	0	0	0	0	0	0	0	0	0	0	0	0	0	0	0
351G	0	0	0	0	0	0	0	0	0	0	0	0	0	0	0	1	0	0	0	0	0
352N	0	0	0	0	0	0	0	0	0	0	0	0	0	0	0	0	0	0	0	0	0
353N	0	0	0	0	0	0	0	0	0	0	0	0	0	0	0	3	0	0	0	0	0
354Q	0	0	0	0	0	0	0	0	0	0	0	0	0	0	0	0	0	0	0	0	0
355N	0	0	0	0	0	0	0	0	0	0	0	0	0	0	0	95	0	0	0	0	0
356Q	0	0	0	0	0	0	0	0	0	0	0	0	0	0	0	0	0	0	0	0	0
357G	0	0	0	0	0	0	0	0	0	0	0	0	0	0	0	0	0	0	0	0	0
358N	0	0	0	0	0	0	0	0	0	0	0	0	0	0	0	9	0	0	0	0	0
359M	0	0	0	0	0	0	0	0	0	0	0	0	0	0	0	0	0	0	0	0	0
360Q	0	0	0	0	0	0	0	0	0	0	0	0	0	0	0	0	0	0	0	0	0
361R	0	0	0	0	0	0	0	0	0	0	0	0	0	0	0	0	0	0	0	0	0
362E	0	0	1	0	0	0	0	0	0	0	0	0	0	0	0	0	0	0	0	0	0
363P	0	0	0	0	0	0	0	0	0	0	0	0	0	0	0	1	0	0	0	0	0
364N	0	0	0	0	0	0	0	0	0	0	0	0	0	0	0	0	0	0	0	0	0
365Q	0	0	0	0	0	0	0	0	0	0	0	0	0	0	1	0	0	0	0	0	0
366A	0	0	0	0	0	0	0	0	0	0	0	0	1	0	0	0	1	0	0	0	0
367F	0	0	0	0	0	0	0	0	0	0	0	0	0	0	0	0	0	0	0	0	0
368G	0	0	0	0	0	0	0	0	0	0	0	0	0	0	0	0	0	0	0	0	0
369S	0	0	0	0	0	0	0	0	0	0	0	0	0	0	0	0	0	0	0	0	0
370G	0	0	0	0	0	0	0	0	0	0	0	0	0	0	0	0	0	0	0	0	0
371N	0	0	0	0	0	0	0	0	0	0	0	0	0	0	0	1	0	0	0	0	0
372N	0	0	0	0	0	0	0	0	0	0	0	0	0	0	0	1	0	0	0	0	0
373S	0	0	0	0	0	0	0	0	0	0	0	1	0	0	0	0	0	0	0	0	0
374Y	0	0	0	0	0	0	0	0	0	0	0	0	0	0	0	0	0	0	0	0	0
375S	0	0	0	0	0	1	0	0	0	0	0	0	0	0	0	0	1	0	0	0	0
376G	0	0	0	0	0	0	0	0	0	0	0	0	0	0	0	0	0	0	0	0	0
377S	0	0	0	0	0	0	0	0	0	0	0	0	0	0	0	0	0	0	0	0	0
378N	0	0	0	0	0	0	0	0	0	0	0	0	0	0	0	0	0	0	0	0	0
379S	1	0	0	0	0	0	0	0	0	0	0	0	0	0	0	0	0	0	0	0	0
380G	0	0	0	0	0	0	0	0	0	0	0	0	0	0	0	0	0	0	0	0	0
381A	0	0	0	0	0	1	0	0	0	0	0	0	0	0	0	0	0	0	0	0	0
382A	0	0	0	0	0	0	0	0	0	0	0	0	9	0	0	0	0	0	0	0	0
383I	0	0	0	0	0	0	0	0	0	8	0	0	0	0	0	0	0	1	0	0	0
384G	0	0	0	0	0	0	0	0	0	0	0	0	0	0	0	0	0	0	0	0	0
385W	0	0	0	0	0	0	0	0	0	0	0	0	0	0	0	0	0	0	0	0	0
386G	0	0	0	0	0	0	0	0	0	0	0	0	0	0	0	0	0	0	0	0	0
387S	0	0	0	0	0	0	0	0	0	0	0	0	0	0	0	0	0	0	0	0	0
388A	0	0	0	0	0	0	0	0	0	0	0	0	0	0	0	1	2	0	0	0	0
389S	0	0	0	0	0	0	0	0	0	0	0	0	0	0	0	0	0	0	0	0	0
390N	0	0	0	0	0	0	0	0	0	0	0	0	0	0	0	0	0	0	0	0	0
391A	0	0	0	0	0	0	0	0	0	0	0	0	4	0	0	0	0	0	0	0	0
392G	0	0	0	0	0	0	0	0	0	0	0	0	0	0	0	0	0	0	0	0	0
393S	0	0	0	0	0	0	0	0	0	0	0	0	0	0	0	0	0	0	0	0	0
394G	0	0	0	0	0	0	0	0	0	0	0	0	0	0	0	0	0	0	0	0	0
395S	0	0	0	0	0	0	0	0	0	0	0	0	0	0	0	0	0	0	0	0	0
396G	0	0	0	0	0	0	0	0	0	0	0	0	0	0	0	0	0	0	0	0	0
397F	0	0	0	0	0	0	0	0	0	0	0	0	0	0	0	0	0	0	0	0	0
398N	0	0	0	0	0	0	0	0	0	0	0	0	0	0	0	0	0	0	0	0	0
399G	0	0	0	0	0	0	0	0	0	0	0	0	0	0	0	0	0	0	0	0	0
400G	0	0	0	0	0	0	0	0	0	0	0	0	0	0	0	0	0	0	0	0	0
401F	0	0	0	0	0	0	0	0	0	0	0	0	0	0	0	0	0	0	0	0	0
402G	0	0	0	0	0	0	0	0	0	0	0	0	0	0	0	0	0	0	0	0	0
403S	0	0	0	0	0	0	0	0	0	0	0	0	0	0	0	0	0	0	0	0	0
404S	0	0	0	0	0	0	0	0	0	0	0	0	0	0	0	0	0	0	0	0	0
405M	0	0	0	0	0	0	0	0	0	0	0	0	0	0	0	0	0	0	0	0	0
406D	0	0	0	0	0	0	0	0	0	0	0	0	0	0	0	0	0	0	0	0	0
407S	0	0	0	0	0	0	0	0	0	0	0	0	0	0	0	0	0	0	0	0	0
408K	0	0	0	0	0	0	0	0	0	0	0	0	0	0	0	0	0	0	0	0	0
409S	0	0	0	0	0	0	0	0	0	0	0	0	9	0	0	0	0	0	0	0	0
410S	0	0	0	0	0	0	0	0	0	0	0	0	0	0	0	0	0	0	0	0	0
411G	0	0	0	0	0	0	0	0	0	0	0	0	0	0	0	9	0	0	0	0	0
412W	0	0	0	0	0	0	0	0	0	0	0	0	0	0	0	0	0	0	0	0	0
413G	0	0	0	0	0	0	0	0	0	0	0	0	0	0	0	0	0	0	0	0	0
414M	0	0	0	0	0	0	0	0	0	0	0	0	0	0	0	0	0	0	0	0	0
																						
