NULL	A	C	D	E	F	G	H	I	K	L	M	N	P	Q	R	S	T	V	W	Y	GAP	
1M	0	0	0	0	0	0	0	0	0	1	0	0	0	0	0	0	0	0	0	1	0
2A	0	1	0	0	1	1	0	1	0	0	0	0	0	1	2	2	0	2	0	0	1
3S	3	0	1	1	1	0	0	0	0	1	0	0	0	1	0	0	5	0	0	0	1
4N	3	0	0	1	1	1	0	0	0	1	0	0	0	0	0	5	1	0	0	0	1
5D	0	0	0	4	0	0	0	0	0	0	0	0	0	1	0	0	0	0	0	0	1
6Y	0	0	0	0	0	0	0	0	0	1	0	0	0	0	0	0	0	0	0	0	1
7T	5	0	0	0	0	1	0	0	0	0	0	0	2	0	0	23	0	0	0	0	1
8Q	0	0	0	0	0	0	0	0	0	0	0	0	0	0	0	1	0	0	0	0	1
9Q	0	0	0	0	0	0	0	0	0	0	0	0	10	0	0	7	11	0	0	0	1
10A	0	0	0	0	0	1	0	0	0	0	0	0	0	0	0	7	0	0	0	0	1
11T	2	0	0	0	0	1	0	0	0	0	0	0	1	0	0	12	0	0	0	0	1
12Q	0	1	0	0	0	0	8	0	0	0	0	0	0	0	0	0	0	0	0	0	1
13S	0	0	0	0	0	13	0	0	0	0	0	0	0	0	0	0	0	0	0	0	1
14Y	0	0	0	0	0	0	0	0	0	0	0	0	0	0	0	0	0	0	0	0	1
15G	0	0	0	0	0	0	0	0	0	0	0	0	0	0	0	2	0	0	0	0	1
16A	0	0	0	0	0	7	0	0	0	0	0	0	0	0	0	2	1	0	0	0	3
17Y	0	0	0	0	0	0	0	0	0	0	0	0	0	0	0	0	0	0	0	0	2
18P	0	0	0	0	0	9	0	0	0	0	0	0	0	0	0	1	0	0	0	0	2
19T	8	0	0	0	0	6	0	0	0	0	0	0	0	0	0	7	0	0	0	0	2
20Q	0	0	0	0	0	0	0	0	0	0	0	0	15	0	0	0	0	0	0	0	2
21P	2	0	0	0	0	0	0	0	0	0	0	0	0	0	0	7	0	1	0	0	2
22G	1	0	0	0	0	0	0	0	0	0	0	2	0	0	0	7	6	0	0	0	2
23Q	0	0	0	0	0	0	0	0	0	0	0	0	0	0	0	0	0	0	0	0	2
24G	0	0	0	0	0	0	0	0	0	0	0	1	0	0	0	5	0	0	0	0	0
25Y	0	0	0	0	0	0	0	0	0	0	0	0	0	0	0	0	0	0	0	0	0
26S	0	0	0	0	0	5	0	0	0	0	0	1	0	0	0	0	1	0	0	0	0
27Q	0	0	0	0	0	2	0	0	0	0	0	0	0	0	0	0	0	0	0	0	0
28Q	0	0	0	0	0	0	0	0	0	0	0	0	8	0	0	0	0	0	0	0	0
29S	4	0	0	0	0	3	0	0	0	0	0	0	0	2	0	0	9	0	0	0	0
30S	2	0	0	0	0	7	0	0	0	0	0	48	0	0	0	0	1	0	0	0	0
31Q	0	0	0	0	0	0	0	0	0	0	0	0	0	0	0	0	0	0	0	0	1
32P	1	0	0	0	0	0	0	0	0	0	0	5	0	0	0	7	1	0	0	0	1
33Y	0	0	0	0	0	0	0	0	0	0	0	0	0	0	0	0	0	0	0	0	1
34G	0	0	0	0	0	0	0	0	0	0	0	2	0	0	0	14	0	0	0	0	0
35Q	0	0	0	0	0	0	0	0	0	0	0	0	0	0	0	0	0	0	0	0	1
36Q	0	0	0	0	0	0	0	0	0	0	0	0	1	0	0	0	0	0	0	0	0
37S	0	0	0	0	1	7	0	0	0	0	0	0	0	0	0	0	0	0	0	0	0
38Y	0	0	0	0	1	0	0	0	0	0	0	0	0	0	0	0	0	0	0	0	0
39S	0	0	0	0	0	37	0	1	0	0	0	0	0	0	1	0	1	0	0	0	0
40G	0	0	0	0	0	0	0	0	0	1	0	1	0	0	0	2	1	0	0	0	0
41Y	0	0	0	0	0	0	0	1	0	0	0	0	0	0	0	0	0	0	0	0	0
42S	1	0	0	0	0	84	0	0	0	0	0	7	0	0	0	0	0	0	0	0	0
43Q	0	0	0	0	0	0	0	0	0	0	0	0	1	0	0	1	0	0	0	0	1
44S	1	0	0	0	0	2	0	0	0	0	0	5	2	0	0	0	0	0	0	0	1
45T	62	0	0	0	0	7	0	0	0	0	0	0	5	0	0	11	0	0	0	0	11
46D	0	0	0	10	0	4	0	0	0	0	0	0	0	0	0	0	0	0	0	0	1
47T	5	0	0	0	0	5	0	0	0	0	0	0	0	0	0	11	0	0	0	0	1
48S	3	0	0	0	0	0	0	0	0	0	0	0	2	0	0	0	0	0	0	0	2
49G	6	0	0	0	0	0	0	0	0	0	0	0	0	0	0	17	2	0	0	0	1
50Y	2	0	0	0	0	0	0	0	0	0	0	0	0	0	0	0	0	0	0	0	1
51G	0	0	0	0	0	0	0	0	0	0	0	8	0	0	0	4	0	0	0	0	1
52Q	0	0	0	0	0	0	0	0	0	1	0	0	0	0	0	0	0	0	0	0	2
53S	0	0	0	0	0	11	0	0	0	0	0	7	0	0	0	0	0	0	0	0	1
54S	0	0	0	0	0	16	0	0	0	0	0	0	0	0	0	0	5	0	0	0	1
55Y	0	0	0	0	0	0	0	0	0	0	0	1	0	0	0	0	0	0	0	0	1
56S	0	0	0	0	0	22	0	0	0	0	0	0	1	0	0	0	0	0	0	0	2
57S	1	0	0	0	0	0	0	0	0	0	0	0	0	0	0	0	0	0	0	0	1
58Y	0	0	0	0	0	0	0	0	0	0	0	0	0	0	0	0	0	0	0	0	2
59G	0	0	0	0	0	0	0	0	0	0	0	0	0	0	0	1	0	0	0	0	2
60Q	0	0	0	0	0	0	1	0	0	0	0	0	0	0	0	0	0	0	0	0	2
61S	4	0	3	1	0	0	0	0	0	0	0	3	0	0	0	0	88	0	0	0	2
62Q	0	0	0	0	0	0	0	0	0	0	0	0	0	0	0	0	0	0	0	0	2
63N	0	0	0	0	0	1	0	0	0	0	0	0	0	0	0	32	2	0	0	0	2
64T	3	0	0	0	0	9	0	0	0	0	0	0	0	0	0	27	0	0	0	0	1
65G	1	0	0	0	0	0	0	0	0	0	0	0	0	0	0	0	0	0	0	0	9
66Y	0	0	0	0	3	0	0	0	0	0	0	0	0	0	0	0	0	0	0	0	0
67G	1	0	0	0	0	0	0	0	0	0	0	3	0	0	0	29	0	0	0	0	0
68T	5	0	0	0	0	0	0	0	0	0	0	0	0	0	0	14	0	0	0	0	0
69Q	0	0	0	0	0	0	0	0	0	0	0	0	3	0	2	0	0	0	0	0	0
70S	1	0	0	0	0	0	0	0	0	0	0	0	14	0	0	0	0	0	0	0	0
71T	85	0	0	0	0	3	0	0	0	0	0	0	8	0	0	1	0	0	0	0	0
72P	0	0	0	0	0	0	0	0	0	0	0	0	0	0	0	10	0	0	0	0	1
73Q	0	0	0	0	0	0	0	0	0	0	0	0	6	0	0	0	0	0	0	0	0
74G	10	0	0	0	0	0	0	0	0	0	0	0	0	0	0	2	2	0	0	0	0
75Y	0	0	0	0	0	0	1	0	0	0	0	0	0	0	0	0	0	0	0	0	0
76G	0	0	0	0	0	0	0	0	0	0	0	6	0	0	0	4	0	0	0	0	2
77S	0	0	0	0	0	1	0	0	0	0	0	1	0	0	0	0	7	0	0	0	0
78T	24	0	0	0	0	2	0	0	0	0	0	0	0	0	0	22	0	0	0	0	2
79G	1	0	0	0	0	0	0	0	0	0	0	0	0	0	0	13	6	0	0	0	6
80G	1	0	0	0	0	0	0	0	0	0	0	1	0	0	0	2	0	0	0	0	0
81Y	0	0	0	0	0	0	0	0	0	0	0	0	0	0	0	0	0	1	0	0	0
82G	0	0	0	0	0	0	0	0	0	0	0	4	0	0	0	8	0	0	0	0	0
83S	0	0	0	0	0	15	0	0	0	0	0	9	0	0	0	0	0	0	0	0	3
84S	0	0	0	0	0	19	0	0	0	0	0	0	1	0	0	0	1	0	0	0	0
85Q	0	0	0	0	0	0	0	0	0	0	0	0	0	0	0	7	0	0	0	0	0
86S	7	0	0	0	0	6	0	0	0	0	0	0	3	0	0	0	11	0	0	0	0
87S	0	0	0	0	0	0	0	0	0	0	0	0	3	6	0	0	0	0	0	0	0
88Q	0	0	0	0	0	0	0	0	0	0	0	0	0	0	0	6	1	0	0	0	0
89S	1	0	0	0	0	8	0	0	0	0	0	1	4	0	0	0	8	0	0	0	2
90S	1	0	0	0	0	5	0	0	0	0	0	1	3	0	0	0	1	0	0	0	0
91Y	0	0	0	0	0	0	0	0	0	0	0	0	0	0	0	0	0	0	0	0	0
92G	0	0	0	0	0	0	0	0	0	0	0	8	0	0	0	2	0	0	0	0	0
93Q	0	0	0	0	0	0	0	0	0	0	0	0	0	0	0	2	0	0	0	0	0
94Q	1	0	0	0	0	0	0	0	0	0	0	0	9	0	0	0	1	0	0	0	0
95S	0	0	0	0	0	0	0	0	0	0	0	0	0	0	0	0	0	0	0	0	5
96S	0	0	0	0	0	0	0	0	0	0	0	0	0	0	0	0	0	0	0	0	0
97Y	0	0	0	0	0	0	0	0	0	0	0	0	0	0	0	0	0	0	0	0	0
98P	0	0	0	0	0	0	0	0	0	0	0	0	0	0	0	13	0	0	0	0	0
99G	1	0	0	0	0	0	0	0	0	0	0	2	0	0	0	17	0	0	0	0	0
100Y	0	0	0	0	0	0	0	0	0	0	0	0	0	0	0	0	0	0	0	0	0
101G	0	0	0	0	0	0	0	0	3	0	0	5	0	0	0	22	0	0	0	0	0
102Q	0	0	0	0	0	0	0	0	0	0	0	0	0	0	0	0	0	0	0	0	0
103Q	0	0	0	3	0	0	0	0	0	0	0	0	9	0	0	1	0	0	0	0	0
104P	3	0	0	0	0	0	0	0	0	0	0	0	0	4	0	4	0	0	0	0	1
105A	0	0	0	0	0	0	0	0	0	0	0	0	7	0	0	7	14	0	0	0	0
106P	13	0	0	0	0	0	0	0	0	0	0	0	0	0	0	3	5	0	0	0	3
107S	2	0	0	0	0	0	0	0	0	0	0	0	8	0	0	0	1	0	0	0	0
108S	2	0	0	0	0	1	0	0	0	0	0	2	2	0	0	0	2	0	0	0	0
109T	9	0	0	0	0	1	0	0	0	0	0	4	2	0	0	8	0	0	0	0	0
110S	5	0	0	0	0	0	0	0	0	0	0	0	1	0	0	0	14	0	0	0	2
111G	0	0	0	0	0	0	0	0	0	0	0	0	0	0	0	8	2	0	0	0	0
112S	0	0	0	0	0	3	0	0	0	0	0	3	0	0	0	0	0	0	0	0	0
113Y	0	0	0	0	2	0	0	0	0	0	0	0	0	0	0	0	0	0	0	0	0
114G	0	0	0	0	0	0	0	0	0	0	0	0	0	0	0	9	0	0	0	0	0
115S	1	0	0	0	0	31	0	0	0	0	0	2	0	0	0	0	4	0	0	0	0
116S	2	0	0	0	0	19	0	0	0	0	0	1	0	0	0	0	0	0	0	0	0
117S	0	0	1	0	0	0	0	0	0	0	0	0	3	2	0	0	0	0	0	0	0
118Q	0	0	0	0	0	0	0	0	0	0	0	0	0	0	1	0	0	0	0	0	0
119S	1	0	0	0	0	1	0	0	0	0	0	0	1	1	0	0	18	0	0	0	0
120S	0	0	0	0	0	2	0	0	0	0	0	0	2	1	0	0	5	0	0	0	0
121S	0	0	0	0	0	39	0	0	0	0	0	7	0	1	0	0	1	0	0	0	0
122Y	0	0	0	0	0	0	0	0	0	0	0	0	0	1	0	0	0	0	0	0	0
123G	0	0	0	0	0	0	0	0	0	0	0	0	0	4	0	0	0	0	0	0	0
124Q	0	0	0	0	0	1	0	0	0	0	0	0	1	0	0	1	0	0	0	0	2
125P	0	0	1	0	0	0	0	0	0	0	0	0	0	10	0	0	0	0	0	0	2
126Q	0	0	0	0	0	1	0	0	0	0	0	0	28	0	1	0	0	0	0	0	2
127S	0	0	0	0	0	15	0	0	0	0	0	0	0	0	0	0	0	0	0	0	2
128G	0	0	0	0	0	0	0	0	0	0	0	0	0	0	0	5	0	0	0	0	0
129S	0	0	0	0	0	114	0	0	0	0	0	0	0	0	0	0	1	0	0	0	1
130Y	0	0	0	0	0	3	0	0	0	0	0	0	0	0	0	0	0	0	0	0	2
131S	0	0	0	0	0	114	0	0	0	0	0	1	0	1	0	0	0	0	0	0	3
132Q	0	0	0	0	0	0	0	0	0	0	0	0	3	0	0	1	0	0	0	0	3
133Q	0	0	0	0	0	0	0	0	0	0	0	1	0	0	0	7	0	0	0	0	3
134P	0	0	0	0	0	1	0	0	0	0	0	0	0	0	0	102	0	0	0	0	3
135S	1	0	0	0	0	85	0	0	0	0	0	0	0	0	0	0	3	0	0	0	1
136Y	0	0	0	0	0	0	1	0	0	0	0	0	0	0	0	1	0	0	0	0	1
137G	0	0	0	0	0	0	0	0	0	0	0	0	0	0	0	17	0	0	0	0	2
138G	0	0	0	0	0	0	0	0	0	0	0	0	0	1	0	14	0	0	0	0	0
139Q	0	0	0	1	0	1	0	0	0	0	0	0	0	0	0	0	0	1	0	0	0
140Q	0	0	0	0	0	1	5	0	0	0	0	0	2	0	0	3	0	0	0	0	0
141Q	2	0	0	0	0	1	1	0	0	0	0	0	19	0	0	8	0	0	0	0	0
142S	0	0	0	0	0	20	0	0	0	0	0	3	1	1	0	0	3	0	0	0	0
143Y	0	0	0	0	0	0	1	0	0	0	0	0	0	0	0	0	0	0	0	0	0
144G	0	0	0	0	0	0	0	0	0	0	0	4	0	0	0	6	0	0	0	0	0
145Q	0	0	0	0	0	1	0	0	0	0	0	0	1	0	0	0	0	0	0	0	1
146Q	1	0	0	0	0	0	0	0	0	0	0	0	3	0	0	7	0	0	0	0	1
147Q	1	0	0	0	0	0	0	0	0	0	0	0	17	0	0	15	0	0	0	0	1
148S	0	0	0	0	0	1	0	0	0	0	0	6	0	0	0	0	0	0	0	0	2
149Y	0	0	0	0	0	0	0	0	0	0	0	0	0	0	0	0	0	0	0	0	2
150N	0	0	0	0	0	0	0	0	0	0	0	0	0	0	0	10	0	0	0	0	2
151P	4	0	0	0	0	0	0	0	0	0	0	0	0	3	0	3	1	0	0	0	2
152P	5	0	0	0	0	0	0	0	0	0	0	0	0	1	0	2	0	0	0	0	2
153Q	0	0	0	0	0	0	0	0	0	0	0	0	0	0	0	0	0	0	0	0	2
154G	1	0	0	0	0	0	0	0	0	0	0	5	0	0	0	16	0	1	0	0	2
155Y	0	0	0	0	0	0	0	0	0	0	0	0	0	0	0	0	0	0	0	0	2
156G	0	0	0	0	0	0	0	0	0	0	0	0	0	0	0	4	0	0	0	0	1
157Q	0	0	0	0	0	0	0	0	0	0	0	0	0	0	0	0	0	0	0	0	1
158Q	0	0	0	0	0	1	0	0	0	0	0	0	0	0	0	0	0	0	0	0	1
159N	0	0	0	0	0	1	0	0	0	0	0	0	0	3	0	29	0	0	0	0	1
160Q	0	0	0	0	0	1	0	0	0	0	0	0	0	0	0	0	1	0	0	0	1
161Y	0	0	0	0	0	0	0	0	0	0	0	0	1	0	0	0	0	0	0	0	1
162N	0	0	0	0	0	6	0	0	0	0	0	0	0	0	0	9	0	0	0	1	16
163S	0	0	0	0	0	1	0	0	0	0	0	3	0	0	0	0	0	0	0	0	19
164S	0	0	0	0	0	4	0	0	0	0	0	0	0	0	0	0	0	0	0	0	17
165S	0	0	0	0	0	7	0	0	0	0	0	0	0	0	0	0	3	0	0	0	28
166G	0	0	0	0	0	0	0	0	0	0	0	0	0	0	0	8	0	0	0	0	87
167G	1	0	0	0	0	0	0	0	0	0	0	0	0	1	0	4	0	0	0	0	44
168G	0	0	0	0	0	0	0	0	0	0	0	0	0	0	0	1	0	0	0	0	33
169G	0	0	0	0	0	0	0	0	0	0	0	0	1	0	0	12	0	0	0	0	19
170G	0	0	0	1	0	0	0	0	0	0	0	0	0	0	0	3	0	0	0	0	16
171G	0	0	0	0	0	0	0	0	0	0	0	1	0	0	0	17	0	1	0	1	14
172G	0	0	0	0	0	0	0	0	0	0	0	0	0	0	0	10	1	0	0	0	8
173G	2	0	0	0	0	0	0	0	1	0	0	0	0	2	0	3	1	0	0	1	1
174G	3	0	0	0	0	0	0	0	0	0	0	0	1	6	0	15	1	0	0	0	0
175G	0	0	0	0	0	0	0	0	0	0	0	1	0	0	0	6	0	0	0	0	0
176N	0	0	3	0	0	20	0	0	0	0	0	0	0	0	0	46	0	0	0	0	1
177Y	0	0	0	0	0	1	0	0	0	0	0	0	0	0	0	0	0	0	0	0	1
178G	0	0	0	0	0	0	0	0	0	0	0	8	0	0	0	4	0	0	0	0	0
179Q	0	0	0	1	0	0	1	0	0	0	0	0	0	0	0	0	0	0	0	0	0
180D	0	0	0	3	0	0	1	0	0	0	0	0	0	1	0	0	0	0	0	0	0
181Q	5	0	0	0	0	0	2	0	0	0	0	0	2	0	0	5	0	0	0	0	2
182S	2	0	0	0	0	0	0	0	0	0	0	0	22	0	0	0	0	0	0	0	3
183S	0	0	0	0	0	0	0	0	0	0	0	0	17	0	0	0	1	0	0	0	2
184M	1	0	0	0	0	0	0	1	0	6	0	0	1	2	0	0	0	0	0	0	2
185S	1	0	0	0	0	2	1	1	0	0	1	0	0	0	0	0	0	0	0	0	25
186S	1	0	0	0	0	25	0	0	0	0	0	0	0	0	0	0	0	0	0	0	51
187G	0	0	0	0	0	0	0	0	0	0	0	0	0	0	0	8	0	0	0	0	53
188G	0	0	0	0	0	0	0	0	0	0	0	0	0	0	0	9	0	0	0	0	32
189G	0	0	0	0	0	0	0	0	0	0	0	0	0	0	0	4	0	0	0	0	16
190S	0	0	2	0	0	65	1	0	0	0	0	0	0	1	0	0	1	0	0	0	19
191G	0	0	0	0	0	0	0	0	0	0	0	0	0	0	0	3	1	0	0	0	19
192G	0	0	0	0	0	0	0	0	0	0	0	0	0	0	0	1	0	0	0	0	7
193G	0	0	0	0	0	0	0	0	0	0	0	1	0	0	0	3	0	0	0	0	6
194Y	0	1	1	0	0	0	0	0	0	0	0	0	0	0	0	0	0	0	0	0	5
195G	0	0	0	0	0	0	0	0	0	0	0	2	0	0	0	0	0	0	0	0	4
196N	0	0	0	0	0	13	0	0	0	0	0	0	0	0	0	23	0	0	0	3	7
197Q	0	0	0	0	0	0	0	0	0	0	0	0	3	0	0	0	0	0	0	0	6
198D	0	0	0	5	0	0	0	0	0	0	0	0	0	0	0	0	0	0	0	0	6
199Q	0	0	0	0	0	1	0	0	0	0	2	0	0	0	0	0	0	0	0	0	13
200S	0	0	0	0	0	4	0	0	0	0	0	0	0	0	0	0	1	0	0	0	20
201G	0	0	0	0	1	0	0	0	0	0	0	0	0	0	0	5	0	0	0	2	22
202G	0	0	0	0	1	0	0	0	0	0	0	0	0	0	0	4	0	0	0	7	15
203G	1	0	0	0	0	0	0	0	0	0	0	0	0	0	0	6	0	0	0	11	15
204G	0	0	3	1	0	0	0	0	0	0	0	0	0	0	0	11	0	0	0	3	19
205S	0	0	1	0	0	56	0	0	0	0	0	1	1	3	0	0	0	0	0	10	32
206G	0	0	0	0	0	0	0	0	0	0	0	0	0	0	0	2	0	0	0	22	25
207G	0	0	0	0	0	0	0	0	0	0	0	0	0	0	0	1	0	0	0	1	28
208Y	0	0	0	0	1	50	1	0	0	0	0	0	0	0	0	0	0	0	0	0	37
209G	1	0	0	0	0	0	0	0	0	0	0	0	0	0	0	7	0	0	0	0	3
210Q	0	0	0	0	0	6	1	0	0	1	0	0	0	0	0	1	0	0	0	0	2
211Q	0	0	9	0	0	0	0	0	0	0	0	0	0	0	0	0	0	0	0	0	2
212D	1	0	0	3	0	8	0	0	0	0	0	0	1	1	0	0	0	0	0	0	2
213R	0	0	2	0	0	0	1	0	0	0	0	1	0	0	0	1	0	0	0	0	2
214G	1	0	0	0	0	0	0	0	0	0	0	0	0	0	4	0	0	0	0	0	12
215G	0	0	0	0	0	0	0	0	0	0	0	4	0	0	0	6	0	0	0	0	2
216R	0	0	0	0	0	0	0	0	0	0	0	0	0	0	0	1	0	0	0	0	2
217G	0	0	0	0	0	0	0	0	0	0	0	0	0	0	0	1	0	0	0	0	2
218R	0	0	0	0	0	0	0	0	0	0	0	0	1	1	0	0	0	0	0	0	3
219G	0	0	0	0	0	0	0	0	0	0	0	0	0	0	1	0	0	0	0	0	81
220G	0	0	0	0	0	0	0	0	0	0	0	0	0	0	0	4	0	0	0	0	84
221S	0	0	0	0	5	11	0	0	0	0	1	0	0	0	0	0	0	0	0	9	85
222G	1	0	0	0	0	0	0	0	0	0	0	0	0	0	0	2	0	0	0	0	87
223G	0	0	0	0	1	0	0	0	0	0	0	0	0	0	7	9	0	0	0	0	76
224G	0	0	0	0	7	0	0	0	0	0	0	0	0	0	4	0	0	0	0	0	77
225G	0	0	0	0	0	0	0	0	0	0	0	0	0	0	0	3	0	0	0	1	75
226G	0	1	0	0	8	0	0	0	0	0	0	0	0	0	0	2	0	0	0	0	74
227G	2	0	7	0	1	0	0	0	0	0	0	0	0	1	6	2	0	0	0	0	8
228G	1	0	1	0	0	0	0	0	0	0	0	0	0	0	8	3	0	0	0	0	8
229G	5	0	0	0	0	0	0	0	0	0	0	0	0	0	4	3	0	1	0	0	8
230G	0	0	0	0	0	0	0	0	0	0	0	0	0	0	0	0	0	0	0	0	9
231G	0	0	0	0	0	0	0	0	0	0	0	0	0	0	0	0	0	0	0	0	17
232Y	0	0	0	0	11	0	0	0	0	0	0	0	0	0	0	0	0	0	0	0	19
233N	0	0	11	0	0	1	0	0	0	0	0	0	0	0	0	6	0	0	0	0	19
234R	0	0	0	0	0	0	0	0	0	0	0	0	0	0	0	0	0	0	0	0	17
235S	0	0	0	0	0	9	0	0	0	0	0	2	0	0	0	0	0	0	0	0	18
236S	2	0	0	0	0	11	0	0	0	0	0	0	0	0	3	0	1	0	0	0	20
237G	0	0	0	0	0	0	0	0	0	0	0	0	0	0	0	0	0	0	0	0	20
238G	0	0	0	0	1	0	0	0	0	0	0	0	0	0	0	0	0	0	0	0	20
239Y	0	0	1	0	6	0	0	0	0	0	0	0	0	0	0	0	0	0	0	0	20
240E	0	0	6	0	0	0	0	0	0	0	0	0	0	0	1	0	0	0	0	0	20
241P	0	0	0	0	0	0	0	0	0	0	0	0	0	0	3	4	0	0	0	0	23
242R	0	0	0	0	0	4	0	0	0	0	0	0	0	0	0	0	0	0	0	0	17
243G	0	0	0	0	0	0	0	0	0	0	0	0	0	0	0	0	0	0	0	0	7
244R	0	0	0	0	0	4	0	0	0	0	0	0	0	0	0	2	0	0	0	0	7
245G	0	0	0	0	0	0	0	0	0	0	0	0	0	0	11	0	0	0	0	0	4
246G	0	0	0	0	0	0	0	0	0	0	0	0	0	0	0	0	0	0	0	0	0
247G	1	0	0	0	0	0	0	0	0	0	0	4	8	0	0	9	1	0	0	0	0
248R	0	0	0	0	0	0	0	0	0	0	0	0	0	0	0	0	0	0	0	0	0
249G	0	0	0	0	0	0	0	0	0	0	0	0	0	0	0	0	0	0	0	0	9
250G	0	0	0	0	0	0	0	0	0	0	0	0	0	0	0	0	1	0	0	0	2
251R	0	0	0	0	0	0	0	0	0	0	0	0	0	0	0	1	0	0	0	0	2
252G	0	0	0	0	0	0	0	0	0	0	0	0	0	0	0	0	0	0	0	0	0
253G	1	0	0	0	0	0	0	0	0	0	0	0	0	0	0	0	0	0	0	0	0
254M	0	0	0	0	0	0	0	0	0	0	0	0	0	0	0	0	0	0	0	0	0
255G	0	0	0	0	0	0	0	0	0	0	0	0	0	0	0	0	0	0	0	0	0
256G	0	0	0	0	0	0	0	0	0	0	9	0	0	0	1	0	1	0	0	0	0
257S	0	0	2	0	0	26	0	0	0	0	0	0	0	0	0	0	0	0	0	0	0
258D	0	0	0	18	0	0	0	0	0	0	0	0	0	0	0	1	0	0	0	0	0
259R	0	0	0	0	0	0	0	0	0	0	0	0	0	0	0	0	0	0	0	0	0
260G	0	0	0	0	0	0	0	0	0	0	0	0	1	0	0	0	0	0	0	0	0
261G	0	0	0	0	0	0	0	0	0	0	0	0	0	0	0	0	1	0	0	0	0
262F	0	0	0	0	0	0	0	0	0	0	0	0	0	0	0	0	0	0	0	1	0
263N	0	0	0	0	0	0	1	0	0	0	0	0	0	0	0	6	0	0	0	0	0
264K	0	0	0	0	0	0	0	0	0	0	0	0	0	0	0	0	0	1	0	0	0
265F	0	0	0	0	0	0	0	0	0	1	0	0	0	0	0	0	0	0	0	0	0
266G	0	0	0	0	0	0	0	0	1	0	0	0	0	0	0	0	0	0	0	0	0
267G	0	0	0	0	0	0	0	0	0	0	0	0	0	0	0	0	0	0	0	0	0
268P	0	0	0	0	0	0	1	0	0	2	0	0	0	0	0	1	0	0	0	0	0
269R	0	0	0	0	0	0	2	0	0	0	0	0	0	0	0	0	0	0	0	0	0
270D	0	0	0	5	0	0	0	0	0	0	0	0	0	0	0	0	0	0	0	0	0
271Q	0	0	0	0	0	4	9	0	1	0	0	0	0	0	0	0	0	0	0	0	0
272G	0	0	0	0	0	0	0	0	0	0	0	0	0	0	0	0	0	0	0	0	0
273S	6	0	0	0	0	6	0	0	0	0	0	0	8	0	0	0	0	0	0	0	0
274R	0	0	0	0	0	2	0	0	0	0	1	0	7	0	0	0	0	0	0	1	0
275H	0	0	0	0	0	3	0	0	0	0	0	7	0	1	0	0	0	0	0	0	0
276D	0	0	0	3	0	1	0	0	0	0	6	0	2	0	0	0	0	0	0	0	0
277S	3	0	1	0	0	5	0	0	0	0	1	2	1	6	0	0	0	0	0	0	1
278E	0	0	0	0	0	0	0	0	0	0	1	0	0	0	0	0	0	0	0	0	1
279Q	0	0	0	0	0	0	0	0	0	0	0	0	0	0	0	0	0	0	0	0	0
280D	0	0	0	0	0	0	0	0	0	0	0	0	0	0	0	0	0	0	0	0	0
281N	0	0	0	0	0	0	0	0	0	0	0	0	0	0	0	0	0	0	0	0	0
282S	0	0	0	0	0	0	0	0	0	0	0	0	0	0	0	0	0	0	0	0	0
283D	0	0	0	0	0	0	0	0	0	0	0	0	0	0	0	0	0	0	0	0	0
284N	0	0	0	0	0	0	0	0	0	0	0	0	0	0	0	0	0	0	0	0	0
285N	0	0	0	0	0	0	0	0	0	0	0	0	0	0	0	0	0	0	0	0	0
286T	0	0	0	0	0	0	0	0	0	0	0	0	0	0	0	0	0	0	0	0	0
287I	0	0	0	0	0	0	0	0	0	0	0	0	0	0	0	0	0	0	0	0	0
288F	0	0	0	0	0	0	0	0	0	0	0	0	0	0	0	0	0	0	0	0	0
289V	0	0	0	0	0	0	0	0	0	0	0	0	0	0	0	0	0	0	0	0	0
290Q	0	0	0	0	0	0	0	0	0	0	0	0	0	0	0	0	0	0	0	0	0
291G	0	0	1	0	0	0	0	0	0	0	0	0	0	0	0	0	0	0	0	0	0
292L	0	0	0	0	0	0	0	0	0	0	1	0	0	0	0	0	0	0	0	0	0
293G	0	0	0	0	0	0	0	0	0	0	0	0	0	0	0	0	0	0	0	0	0
294E	0	0	10	0	0	0	0	0	0	0	0	0	0	0	0	0	0	0	0	0	0
295N	1	0	7	0	0	0	0	0	0	0	0	0	0	0	0	1	0	0	0	0	0
296V	0	0	0	0	0	0	0	0	0	0	0	0	0	0	0	0	0	0	0	10	0
297T	0	0	0	0	0	0	0	0	0	0	0	0	0	0	0	0	0	0	0	0	0
298I	0	0	0	0	0	0	0	0	0	0	0	0	0	0	0	0	0	14	0	0	0
299E	0	0	4	0	0	0	0	0	0	0	0	0	0	0	0	0	0	0	0	0	0
300S	0	0	0	0	0	0	0	0	0	0	0	0	0	0	0	0	0	0	0	0	0
301V	0	0	0	0	0	0	0	0	0	0	0	0	0	0	0	0	0	0	0	0	0
302A	0	0	0	0	0	0	0	0	0	0	0	0	0	0	0	2	0	0	0	0	0
303D	0	0	0	4	0	0	0	0	0	0	0	0	0	0	0	0	0	0	0	0	0
304Y	0	0	0	0	9	0	0	0	0	0	0	0	0	0	0	0	0	0	0	0	0
305F	0	0	0	0	0	0	0	0	0	0	0	0	0	0	0	0	0	0	0	0	0
306K	0	0	0	0	0	0	0	0	0	0	0	0	0	0	0	0	0	0	0	0	0
307Q	0	0	0	0	0	0	1	0	0	0	0	0	0	0	0	0	0	0	0	0	0
308I	0	0	0	0	0	0	0	0	0	0	0	0	0	0	0	0	1	0	0	0	0
309G	0	0	0	0	0	0	0	0	0	0	0	0	0	0	0	0	0	0	0	0	0
310I	0	0	0	0	0	0	0	0	0	2	0	0	0	0	0	0	0	0	0	0	0
311I	0	0	0	0	0	0	0	0	0	0	0	0	0	0	0	0	0	0	0	0	0
312K	0	0	0	0	0	0	0	0	0	0	0	0	0	0	0	0	0	0	0	0	0
313T	0	0	0	0	0	0	0	5	0	1	3	0	0	0	0	0	0	5	0	0	1
314N	0	0	0	0	0	0	0	0	0	0	0	0	0	0	0	0	0	0	0	0	1
315K	0	0	0	0	0	0	0	0	0	0	0	0	0	0	0	0	0	0	0	0	1
316K	0	0	0	0	0	0	0	0	0	0	0	0	0	0	0	0	0	0	0	0	1
317T	0	0	0	0	0	0	0	0	0	0	0	0	0	0	0	0	0	0	0	0	1
318G	0	0	0	0	0	0	0	0	0	0	0	0	0	0	0	0	0	0	0	0	1
319Q	0	0	0	0	0	0	0	0	0	11	0	0	0	0	0	0	0	0	0	0	1
320P	0	0	0	0	0	0	0	0	0	0	0	0	0	0	0	0	0	0	0	0	1
321M	0	0	0	0	0	0	0	0	0	0	0	0	0	0	0	0	0	0	0	0	1
322I	0	0	0	0	0	0	0	0	0	0	0	0	0	0	0	0	0	0	0	0	1
323N	0	0	1	0	0	0	0	0	0	0	0	0	0	0	0	0	0	0	0	0	1
324L	0	0	0	0	0	0	0	0	0	0	0	0	0	0	0	0	0	0	0	0	1
325Y	0	0	0	0	0	0	0	0	0	0	0	0	0	0	0	0	0	0	0	0	1
326T	0	0	0	0	0	0	0	0	0	0	0	0	0	0	0	0	0	0	0	0	1
327D	0	0	0	0	0	0	0	0	0	0	0	0	0	0	0	0	0	0	0	0	1
328R	0	0	0	0	0	0	0	0	0	0	0	0	0	0	0	0	0	0	0	0	1
329E	0	0	0	0	0	0	0	0	0	0	0	0	0	0	0	0	0	0	0	0	1
330T	0	0	0	0	0	0	0	0	0	0	0	0	0	0	0	0	0	0	0	0	1
331G	0	0	0	0	0	0	0	0	0	0	0	0	0	0	0	0	0	0	0	0	1
332K	0	0	0	0	0	0	0	0	0	0	0	0	0	0	0	0	0	0	0	0	1
333L	0	0	0	0	0	0	0	0	0	0	0	0	0	0	0	0	0	0	0	0	1
334K	0	0	0	0	0	0	0	0	0	0	0	0	0	0	0	0	0	0	0	0	1
335G	0	0	0	0	0	0	0	0	0	0	0	0	0	0	0	0	0	0	0	0	1
336E	0	0	0	0	0	0	0	0	0	0	0	0	0	0	0	0	0	0	0	0	1
337A	0	0	0	0	0	0	0	0	0	0	0	0	0	0	0	0	0	1	0	0	0
338T	0	0	0	0	1	0	0	0	0	0	0	0	0	0	0	0	0	0	0	0	0
339V	0	0	0	0	0	0	0	0	0	0	0	0	0	0	0	0	0	0	0	0	0
340S	0	0	0	0	0	0	0	0	0	0	0	0	0	0	0	0	0	0	0	0	0
341F	0	0	0	0	0	0	0	0	0	0	0	0	0	0	0	0	0	0	0	0	0
342D	0	0	0	0	0	0	0	0	0	0	0	0	0	0	0	0	0	0	0	0	0
343D	0	0	0	0	0	0	0	0	0	0	0	0	0	0	0	0	0	0	0	0	0
344P	0	0	0	0	0	0	0	0	0	0	0	0	0	0	0	0	0	0	0	0	0
345P	0	0	0	0	0	0	0	0	0	0	0	0	0	0	0	0	0	0	0	0	0
346S	0	0	0	0	0	0	0	0	0	0	0	0	0	0	0	0	0	0	0	0	0
347A	0	0	0	0	0	0	0	0	0	0	0	0	0	0	0	0	0	0	0	0	0
348K	0	0	0	0	0	0	0	0	0	0	0	0	0	0	0	0	0	0	0	0	0
349A	0	0	0	0	0	0	0	0	0	0	0	0	0	0	0	0	0	0	0	0	0
350A	0	0	0	0	0	0	0	0	0	0	0	0	0	0	0	0	0	0	0	0	0
351I	0	0	0	0	0	0	0	0	0	0	0	0	0	0	0	0	0	0	0	0	0
352D	0	0	0	0	0	0	0	0	0	0	0	0	0	0	0	0	0	0	0	0	0
353W	0	0	0	0	0	0	0	0	0	0	0	0	0	0	0	0	0	0	0	0	0
354F	0	0	0	0	0	0	0	0	0	0	0	0	0	0	0	0	0	0	0	0	0
355D	0	0	0	0	0	0	0	0	0	0	0	0	0	0	0	0	0	0	0	0	0
356G	0	0	0	0	0	0	0	0	0	0	0	0	0	0	0	0	0	0	0	0	0
357K	0	0	0	0	0	0	0	0	0	0	0	0	0	0	0	0	0	0	0	0	0
358E	0	0	9	0	0	0	0	0	0	0	0	0	0	0	0	0	0	0	0	0	0
359F	0	0	0	0	0	0	0	0	0	0	0	0	0	0	0	0	0	0	0	0	0
360S	0	0	0	0	0	0	0	0	0	0	0	7	0	0	0	0	0	0	0	0	0
361G	0	0	0	0	0	0	0	0	0	0	0	0	0	0	0	0	0	0	0	0	0
362N	0	0	0	0	0	0	0	0	0	0	0	0	0	0	0	1	0	0	0	0	0
363P	3	0	0	0	0	0	1	0	0	0	2	0	0	0	0	0	0	0	0	0	0
364I	0	0	0	0	0	0	0	0	0	0	0	0	0	0	0	0	0	0	0	0	0
365K	0	0	0	0	0	0	0	0	0	0	0	0	0	0	0	0	0	0	0	0	0
366V	0	0	1	0	0	0	0	0	0	0	0	0	0	0	0	0	0	0	0	0	0
367S	0	0	0	0	0	0	0	0	0	0	0	0	0	0	0	0	0	0	0	0	0
368F	0	0	0	0	0	0	0	0	0	0	0	0	0	0	0	0	0	0	0	0	0
369A	0	0	0	0	0	0	0	0	0	0	0	0	0	0	0	0	0	0	0	0	0
370T	0	0	0	0	0	0	0	0	0	0	0	0	0	0	0	0	0	0	0	0	0
371R	0	0	0	0	0	0	0	0	0	0	0	0	0	0	0	0	0	0	0	0	0
372R	0	0	0	0	0	0	0	0	0	0	0	0	0	0	0	0	0	0	0	0	0
373A	0	0	0	0	0	0	0	0	0	0	0	0	0	0	0	1	0	3	0	0	0
374D	0	0	0	6	0	0	0	0	0	0	0	0	0	0	0	0	0	0	0	0	0
375F	0	0	0	0	0	0	0	0	0	0	0	0	0	0	0	0	0	0	0	0	0
376N	0	0	0	0	0	10	0	1	0	0	0	0	0	0	0	1	2	0	0	0	0
377R	0	1	0	0	0	1	0	0	0	0	0	0	0	0	0	0	0	0	0	0	0
378G	0	0	0	0	0	0	0	0	0	0	0	0	0	0	0	1	0	0	0	0	0
379G	0	0	0	0	0	0	0	0	0	0	0	0	0	0	1	1	0	0	0	0	0
380G	1	0	0	0	0	0	0	0	0	0	0	0	0	0	0	1	0	0	0	0	0
381N	0	0	0	0	0	9	0	0	0	0	0	0	0	0	0	4	0	0	0	0	0
382G	0	0	0	0	0	0	0	0	0	0	8	0	0	0	0	1	0	0	0	0	0
383R	0	0	0	0	0	0	0	0	0	0	0	0	0	0	0	0	0	0	0	0	0
384G	0	0	0	0	0	0	0	0	0	0	0	0	0	0	0	0	0	0	0	0	2
385G	1	0	0	0	0	0	0	0	0	0	0	0	0	0	0	0	0	0	0	0	3
386R	0	0	0	0	0	0	1	0	0	0	0	0	0	0	0	0	0	0	0	0	3
387G	0	0	0	0	0	0	0	0	0	0	0	0	0	0	0	0	0	0	0	0	0
388R	0	0	0	0	0	0	0	0	0	0	0	0	0	0	0	0	0	0	0	0	1
389G	0	0	0	0	0	0	0	0	0	0	0	0	0	0	0	0	0	0	0	0	0
390G	0	0	1	0	0	0	0	0	0	0	0	0	0	0	0	0	0	0	0	0	0
391P	0	0	0	0	0	0	0	0	0	0	0	0	0	0	0	0	0	0	0	0	0
392M	0	0	0	0	0	0	0	1	0	0	0	0	0	0	0	0	0	2	0	0	0
393G	1	0	0	0	0	0	0	0	0	0	0	0	0	0	0	0	0	0	0	0	0
394R	0	0	0	0	0	0	0	0	0	0	0	0	0	0	0	0	0	0	0	0	0
395G	2	0	0	0	0	0	0	0	0	0	0	0	0	0	0	0	0	1	0	0	0
396G	0	0	0	0	0	0	0	0	0	0	0	0	0	0	0	0	0	0	0	0	0
397Y	0	0	0	0	29	0	0	0	0	0	0	0	0	0	0	0	0	0	0	0	0
398G	0	0	0	0	0	0	0	0	0	0	0	0	0	0	0	0	0	0	0	0	2
399G	0	0	0	0	0	0	0	0	0	0	0	0	0	0	0	0	0	2	0	0	1
400G	0	0	0	0	0	0	0	0	0	0	0	0	0	0	0	0	0	0	0	0	0
401G	0	0	1	0	0	0	0	0	0	0	0	3	0	0	5	3	0	0	0	0	0
402S	0	0	0	0	0	19	0	0	0	0	0	1	0	0	1	0	0	0	0	0	0
403G	1	0	0	0	0	0	0	0	0	0	0	1	0	0	1	2	0	0	0	0	1
404G	1	0	0	0	0	0	0	0	0	0	0	0	0	0	2	1	0	0	0	0	2
405G	3	0	0	0	0	0	0	0	0	0	0	0	0	0	0	6	0	0	0	0	5
406G	0	0	0	0	0	0	0	0	0	0	0	8	0	0	0	5	0	0	0	0	5
407R	0	0	0	0	1	6	0	0	0	0	0	1	0	0	0	3	0	1	0	0	5
408G	0	0	0	0	0	0	0	0	0	0	0	1	1	0	0	0	0	0	0	0	0
409G	0	0	0	0	0	0	0	0	0	0	0	0	0	0	0	0	0	0	0	0	0
410F	0	0	0	0	0	0	0	0	0	0	0	1	0	0	0	0	0	0	0	3	2
411P	0	0	0	0	0	0	0	0	0	0	0	1	0	1	0	1	0	0	0	0	1
412S	0	0	0	0	0	7	0	0	0	0	0	1	0	0	0	0	0	0	0	0	1
413G	0	0	0	0	0	0	0	0	0	0	0	4	0	0	0	0	0	0	0	0	19
414G	0	0	0	0	0	0	0	0	0	0	0	2	0	0	0	2	0	0	0	0	19
415G	1	0	0	0	0	0	0	0	0	0	0	0	0	0	0	0	0	0	0	0	19
416G	0	0	0	0	0	0	0	0	0	0	0	1	0	0	0	2	0	0	0	0	0
417G	0	0	0	0	0	0	0	0	0	0	0	0	0	0	0	1	0	0	0	0	0
418G	0	0	0	0	0	0	0	0	0	0	0	0	0	0	0	0	0	0	0	0	0
419G	0	0	0	0	0	0	0	0	0	0	0	0	0	0	0	1	0	0	0	0	0
420Q	0	0	0	0	0	0	0	0	0	0	0	0	0	0	0	0	0	0	0	0	0
421Q	0	0	0	0	0	0	0	0	0	0	0	0	0	0	0	0	0	0	0	0	0
422R	0	0	0	0	0	0	0	0	0	0	0	0	0	0	0	0	0	0	0	0	0
423A	0	0	0	0	0	0	0	0	0	0	0	0	0	0	0	0	0	0	0	0	0
424G	0	0	0	0	0	0	0	0	0	0	0	0	0	0	0	0	0	0	0	0	1
425D	0	0	0	0	0	0	0	0	0	0	0	0	0	0	0	0	0	0	0	0	0
426W	0	0	0	0	0	0	0	0	0	0	0	0	0	0	0	0	0	0	0	0	0
427K	0	0	0	0	0	0	0	0	0	0	0	0	0	0	0	0	0	0	0	0	0
428C	0	0	0	0	0	0	0	0	0	0	0	0	0	0	0	0	0	0	0	0	0
429P	0	0	0	0	0	0	0	0	0	0	0	0	0	0	0	10	0	0	0	0	0
430N	0	0	0	0	0	0	0	0	0	0	0	0	0	0	0	0	0	0	0	0	0
431P	0	0	0	0	0	0	0	0	0	0	0	0	0	0	0	0	0	0	0	0	0
432T	6	0	0	0	0	1	0	10	0	0	0	0	0	0	0	6	0	1	0	0	0
433C	0	0	0	0	0	0	0	0	0	0	0	0	0	0	0	0	0	0	0	0	0
434E	0	0	0	0	0	10	0	0	0	0	0	0	0	0	0	0	0	0	0	0	0
435N	0	0	0	0	0	0	0	0	0	0	0	0	0	0	0	0	0	0	0	0	0
436M	0	0	0	0	0	0	0	0	0	9	0	0	0	0	0	0	0	0	0	0	0
437N	0	0	0	0	0	0	0	0	0	0	0	0	0	0	0	0	0	0	0	0	0
438F	0	0	0	0	0	0	0	0	0	0	0	0	0	0	0	0	0	0	0	0	0
439S	0	0	0	0	0	0	0	0	0	0	0	0	0	0	0	0	0	0	0	0	0
440W	0	0	0	0	0	0	0	0	0	0	0	0	0	0	0	0	0	0	0	0	0
441R	0	0	0	0	0	0	0	0	0	0	0	0	0	0	0	0	0	0	0	0	0
442N	0	0	0	0	0	0	0	0	0	0	0	0	0	0	0	2	0	0	0	0	0
443E	0	0	0	0	0	0	0	0	0	0	0	0	0	0	0	0	0	0	0	0	0
444C	0	0	0	0	0	0	0	0	0	0	0	0	0	0	0	0	0	0	0	0	0
445N	0	0	0	0	0	0	0	0	0	0	0	0	0	0	0	0	0	0	0	0	0
446Q	0	0	0	0	0	0	0	0	0	0	0	0	0	0	0	0	0	0	0	0	0
447C	0	0	0	0	0	0	0	0	0	0	0	0	0	0	0	0	0	0	0	0	0
448K	0	0	0	0	0	0	0	0	0	0	0	0	0	0	0	0	0	0	0	0	0
449A	0	0	0	1	0	0	0	0	0	0	0	0	0	0	0	0	0	1	0	0	0
450P	1	0	0	0	0	0	0	0	0	0	0	0	0	0	0	0	0	0	0	0	0
451K	0	0	0	0	0	0	0	0	0	0	0	0	0	0	0	0	0	0	0	0	0
452P	0	0	0	0	0	0	0	0	0	0	0	0	0	0	0	1	0	0	0	0	0
453D	0	0	0	16	0	0	0	0	0	0	0	0	0	0	0	0	0	0	0	0	0
454G	0	0	0	0	0	0	0	0	0	0	0	0	0	0	1	0	0	0	0	0	9
455P	2	0	0	0	0	2	0	0	0	0	0	0	0	0	0	6	0	0	0	0	9
456G	0	0	0	0	0	0	0	0	0	0	0	0	0	0	1	1	0	0	0	0	14
457G	0	0	1	0	0	0	0	0	0	0	0	0	0	0	0	0	0	0	0	0	9
458G	0	0	0	0	0	0	0	0	0	0	1	0	1	0	0	0	0	0	0	0	2
459P	0	0	0	0	0	1	1	0	0	0	3	0	0	0	2	0	0	0	0	0	2
460G	0	0	0	0	0	0	0	0	0	0	1	0	0	0	0	0	0	0	0	0	10
461G	1	0	0	0	0	0	0	0	0	0	0	0	0	0	0	0	0	0	0	0	10
462S	0	0	0	0	0	2	0	0	0	0	1	2	12	0	0	0	0	0	0	0	6
463H	0	0	0	0	0	2	0	0	0	0	0	0	5	0	0	1	0	0	0	0	5
464M	0	0	0	0	0	2	0	0	0	0	0	0	0	0	0	0	0	0	0	0	0
465G	0	0	0	1	0	0	0	0	0	0	0	0	0	0	0	0	0	0	0	0	1
466G	0	0	0	0	0	0	0	0	1	0	0	0	0	0	0	0	0	0	0	0	1
467N	0	0	1	0	0	25	0	0	0	0	0	0	0	0	0	11	0	0	0	0	3
468Y	0	0	0	0	30	0	0	0	0	0	0	0	0	0	0	0	0	0	0	0	1
469G	0	1	0	0	0	0	0	0	0	0	0	0	0	0	0	1	0	0	0	0	1
470D	1	0	0	15	0	6	0	0	0	0	0	0	0	0	0	0	0	0	0	0	4
471D	0	0	0	21	0	0	0	0	0	0	0	0	0	0	0	0	0	0	0	0	4
472R	0	0	0	0	0	0	0	0	0	0	0	0	0	0	0	0	0	0	0	0	4
473R	0	0	0	3	0	0	0	0	0	0	0	0	0	0	0	0	0	0	0	0	8
474G	0	0	0	0	0	0	0	0	0	0	0	0	0	0	3	0	0	0	0	0	16
475G	0	0	1	0	0	0	0	0	0	0	0	0	0	0	0	2	0	0	0	0	1
476R	0	0	0	0	0	0	0	0	0	0	0	0	0	0	0	0	0	0	0	0	1
477G	0	0	0	0	0	0	0	0	0	0	0	0	0	0	0	1	0	0	0	0	1
478G	0	0	0	0	0	0	0	0	0	0	0	0	0	0	0	1	0	0	0	0	1
479Y	0	0	0	0	24	0	0	0	0	0	0	0	0	0	0	0	0	0	0	0	1
480D	0	0	0	2	0	0	0	0	0	0	0	0	0	0	0	0	0	0	0	0	1
481R	0	0	0	0	0	0	0	0	0	0	0	0	0	0	0	0	0	0	0	0	1
482G	0	0	0	0	0	0	0	0	0	0	0	0	0	0	0	0	0	0	0	0	0
483G	0	0	0	0	0	0	0	0	1	0	0	0	0	0	0	0	0	0	0	0	0
484Y	0	0	0	0	28	0	0	0	0	0	0	0	0	0	0	0	0	0	0	0	0
485R	0	0	0	0	0	0	0	0	0	0	0	0	1	0	0	0	0	0	0	0	0
486G	0	0	0	0	0	0	0	0	0	0	0	0	0	0	0	0	0	0	0	0	0
487R	0	0	0	0	0	1	1	0	0	0	0	0	0	0	0	0	0	0	0	0	0
488G	0	0	0	0	0	0	0	0	0	0	0	0	0	0	0	0	0	0	0	0	0
489G	0	0	0	0	0	0	0	0	0	0	0	0	0	0	0	0	0	0	0	0	0
490D	0	0	0	2	0	1	0	0	0	0	0	0	0	0	0	0	0	0	0	0	0
491R	0	0	0	0	0	1	0	0	0	0	0	0	0	0	0	0	0	0	0	0	0
492G	0	0	0	0	0	0	0	0	0	0	0	0	0	0	0	0	0	0	0	0	0
493G	0	0	0	0	0	0	0	0	0	0	0	2	0	0	0	1	0	0	0	0	0
494F	0	1	0	0	0	0	0	0	0	0	0	1	0	0	0	0	0	0	0	1	0
495R	0	0	0	0	0	1	1	0	0	0	0	0	0	0	0	1	0	0	0	0	3
496G	1	0	0	0	0	0	0	0	0	0	1	0	0	0	0	0	0	0	0	0	4
497G	0	0	0	0	0	0	0	0	0	0	0	0	0	0	0	0	0	0	0	0	4
498R	1	0	0	1	0	0	0	0	0	0	0	0	0	0	0	0	0	0	0	0	4
499G	0	0	0	0	0	0	0	0	0	0	0	0	0	0	1	1	0	0	0	0	22
500G	0	0	0	0	0	0	0	0	0	0	0	0	0	0	0	0	0	0	0	0	4
501G	0	0	4	0	0	0	0	0	0	0	0	0	0	0	0	0	0	0	0	0	4
502D	0	0	0	2	0	0	0	0	0	0	0	0	0	1	4	0	0	0	0	0	4
503R	0	0	0	0	0	4	0	1	0	0	0	0	0	0	0	0	0	0	0	0	1
504G	0	0	0	0	0	0	0	0	0	0	0	0	0	0	0	0	0	0	1	0	2
505G	1	0	0	1	0	0	0	0	0	0	0	3	0	0	0	2	0	0	0	0	1
506F	0	0	0	0	0	0	0	0	0	0	0	0	0	0	0	0	0	1	0	4	1
507G	0	0	0	0	0	0	0	0	0	0	0	0	0	0	0	0	0	1	0	0	0
508P	0	0	0	0	0	0	0	0	0	0	0	0	0	0	0	0	1	0	0	0	1
509G	0	0	0	0	0	0	0	0	0	0	0	0	0	0	0	0	0	0	0	0	1
510K	0	0	0	0	0	0	0	0	0	0	0	0	0	0	0	0	0	0	0	0	1
511M	0	0	0	0	0	0	0	0	0	0	0	0	0	0	0	0	0	0	0	0	1
512D	0	0	0	1	0	0	0	0	0	0	0	0	0	0	0	0	0	0	0	0	1
513S	0	0	0	0	0	1	0	0	0	0	0	4	0	0	0	0	0	0	0	0	1
514R	0	0	0	0	0	0	0	0	0	0	0	0	0	0	0	0	1	0	0	0	1
515G	0	0	0	0	0	0	0	0	0	0	0	1	0	0	0	2	0	0	0	0	1
516E	0	0	32	0	0	0	0	0	0	0	0	0	0	0	0	0	0	0	0	0	1
517H	0	0	0	0	0	0	0	0	0	0	0	0	0	0	0	0	0	0	0	0	2
518R	0	0	0	0	0	0	0	0	0	0	0	0	0	0	0	0	0	0	0	0	1
519Q	0	0	0	0	0	0	7	0	0	0	0	0	0	0	0	0	0	0	0	0	1
520D	1	0	0	2	0	0	0	0	0	0	0	0	0	0	0	0	0	0	0	0	1
521R	0	0	0	0	0	0	0	0	0	0	0	0	0	0	0	0	0	0	0	0	1
522R	0	0	0	0	0	0	0	0	0	0	0	0	0	0	0	0	0	0	0	0	1
523E	0	0	14	0	0	0	0	0	0	0	0	0	0	0	0	0	0	0	0	0	1
524R	0	0	0	0	0	0	0	0	0	0	0	0	0	0	0	0	0	0	0	0	1
525P	0	0	0	0	0	1	0	0	0	0	0	0	0	0	0	0	0	0	0	0	0
526Y	0	0	0	0	0	0	0	0	0	0	0	0	0	0	0	0	0	1	0	0	0
