NULL	A	C	D	E	F	G	H	I	K	L	M	N	P	Q	R	S	T	V	W	Y	GAP
1M	0	0	0	0	0	0	0	0	0	0	0	0	0	0	0	0	0	0	0	0	0
2S	52	0	2	2	0	0	0	0	0	0	3	0	1	0	0	0	6	0	0	0	0
3E	0	0	1	0	0	0	0	0	0	0	1	0	0	0	0	1	1	0	0	1	0
4Y	0	0	0	0	0	0	0	0	0	0	0	0	0	0	0	0	0	0	0	0	0
5I	0	0	0	0	0	0	0	0	0	0	0	0	0	0	0	0	0	1	0	0	0
6R	0	0	0	0	0	0	0	0	0	0	0	0	0	0	0	0	0	0	0	0	0
7V	0	0	0	0	0	0	0	0	0	0	0	0	0	0	0	0	0	0	0	0	0
8T	100	0	0	0	0	2	0	0	0	0	0	0	0	0	0	0	0	0	0	0	0
9E	0	0	0	0	0	0	0	0	0	0	0	0	0	0	0	0	0	0	0	0	0
10D	0	0	0	50	0	0	0	0	0	0	0	0	0	0	0	0	0	0	0	0	0
11E	0	0	0	0	0	0	0	0	0	0	0	0	0	0	0	0	0	0	0	0	0
12N	0	0	0	0	0	0	0	0	0	0	0	0	0	0	0	8	0	0	0	0	0
13D	0	0	0	106	0	0	0	0	0	0	0	0	0	0	0	0	0	0	0	0	0
14E	0	0	0	0	0	0	0	0	0	0	0	0	0	0	0	0	0	0	0	0	0
15P	0	0	0	0	0	0	0	0	0	0	0	0	0	0	0	0	0	0	0	0	0
16I	0	0	0	0	0	0	0	0	0	0	102	0	0	0	0	0	0	0	0	0	0
17E	0	0	0	0	0	0	0	0	0	0	0	0	0	0	0	0	0	0	0	0	0
18I	0	0	0	0	0	0	0	0	0	0	0	0	0	0	0	0	0	0	0	0	0
19P	0	0	0	0	0	0	0	0	0	0	0	0	0	0	0	0	0	0	0	0	0
20S	7	0	0	0	0	0	0	0	0	0	0	0	0	0	0	0	0	0	0	0	0
21E	0	0	0	0	0	0	0	0	0	0	0	0	0	0	0	0	0	0	0	0	0
22D	0	0	0	8	0	0	0	0	0	0	0	0	0	0	0	0	0	0	0	0	0
23D	0	0	0	0	0	0	0	0	0	0	0	0	0	0	0	0	0	0	0	0	0
24G	0	0	0	0	0	0	0	0	0	0	0	0	0	0	0	1	0	0	0	0	0
25T	0	0	0	0	0	0	0	0	0	0	0	0	0	0	0	2	0	0	0	0	0
26V	0	0	0	0	0	0	0	1	0	0	0	0	0	0	0	0	0	0	0	0	0
27L	0	0	0	0	0	0	0	0	0	0	0	0	0	0	1	0	0	0	0	0	0
28L	0	0	0	0	0	0	0	0	0	0	0	0	0	0	0	0	0	0	0	0	0
29S	0	0	0	0	0	0	0	0	0	0	0	0	0	0	0	0	0	0	0	0	0
30T	0	0	0	0	0	0	0	0	0	0	0	0	0	0	0	37	0	0	0	0	0
31V	0	0	0	0	0	0	0	0	0	0	0	0	0	0	0	0	0	0	0	0	0
32T	83	0	0	0	0	0	0	0	0	0	0	0	0	0	0	13	0	0	0	0	0
33A	0	0	0	0	0	0	0	0	0	0	0	0	0	0	0	0	0	0	0	0	0
34Q	0	0	0	0	0	0	0	0	0	0	0	0	0	0	0	0	0	0	0	0	0
35F	0	0	0	0	0	0	0	0	0	0	0	0	0	0	0	0	0	0	0	0	0
36P	0	0	0	0	0	0	0	0	0	0	0	0	0	0	0	0	0	0	0	0	0
37G	0	0	0	0	0	0	0	0	0	0	0	0	0	0	0	0	0	0	0	0	0
38A	0	0	0	0	0	0	0	0	0	0	0	0	0	0	0	0	0	0	0	0	0
39C	0	0	0	0	0	0	0	0	0	0	0	0	0	0	0	0	0	0	0	0	0
40G	0	0	0	0	0	0	0	0	0	0	0	0	0	0	0	0	0	0	0	0	0
41L	0	0	0	0	0	0	0	0	0	0	0	0	0	0	0	0	0	0	0	0	0
42R	0	0	0	0	0	0	1	0	0	0	0	0	0	0	0	0	0	0	0	0	0
43Y	0	0	0	0	35	0	0	0	0	0	0	0	0	0	0	0	0	0	0	0	0
44R	0	0	0	0	0	0	0	0	0	0	0	0	0	0	0	0	0	0	0	0	0
45N	0	0	0	0	0	0	0	0	0	0	0	0	0	0	0	55	0	0	0	0	0
46P	0	0	0	0	0	0	0	0	0	2	0	0	0	0	0	0	0	0	0	0	0
47V	2	0	1	35	0	0	0	3	0	1	0	0	0	0	0	0	0	0	0	0	0
48S	0	0	0	0	0	0	0	0	0	0	0	4	0	0	0	0	11	0	0	0	0
49Q	0	0	0	0	0	0	0	0	0	0	0	0	0	0	0	0	0	0	0	0	0
50C	0	0	0	0	0	0	0	0	0	0	0	0	0	0	0	0	0	0	0	0	0
51M	0	0	0	0	0	0	0	0	0	1	0	0	0	0	0	0	0	0	0	0	0
52R	0	0	0	0	0	0	0	0	0	0	0	0	0	0	0	0	0	0	1	0	0
53G	0	0	0	0	0	0	0	0	0	0	0	0	0	0	0	0	0	0	0	0	0
54V	0	0	0	0	0	0	0	0	0	0	0	0	0	0	0	0	0	0	0	0	0
55R	0	0	0	0	0	0	0	0	0	0	0	0	0	0	0	0	0	0	0	0	0
56L	0	0	0	0	0	0	0	1	0	0	0	0	0	0	0	0	0	0	0	0	0
57V	5	0	0	0	0	0	0	0	0	1	0	0	0	0	0	0	0	0	0	0	0
58E	0	0	3	0	0	0	0	0	0	0	0	0	0	0	0	0	0	0	0	0	0
59G	0	0	0	0	0	0	0	0	0	0	0	0	0	0	0	0	0	0	0	0	0
60I	0	0	0	0	0	0	0	0	0	0	0	0	0	0	0	0	0	71	0	0	0
61L	0	0	0	0	0	0	0	0	0	0	0	0	0	0	0	0	0	0	0	0	0
62H	0	0	0	0	0	0	0	0	0	0	0	0	0	0	0	0	0	0	0	1	0
63A	0	0	0	0	0	0	0	0	0	0	0	0	6	0	0	2	0	0	0	0	0
64P	0	0	0	0	0	0	0	0	0	0	0	0	0	0	0	0	0	0	0	0	0
65D	0	0	0	155	0	0	0	0	0	0	0	0	0	0	0	0	0	0	0	0	0
66A	0	0	0	0	0	0	0	0	0	0	0	81	0	0	0	20	4	0	0	0	0
67G	0	0	36	2	0	0	0	0	0	0	0	3	0	0	0	9	0	0	0	0	0
68W	0	0	0	0	0	0	0	0	0	0	0	0	0	0	0	0	0	0	0	0	0
69G	0	0	0	0	0	0	0	0	0	0	0	0	0	1	0	2	0	0	0	0	0
70N	0	0	0	0	0	0	0	0	0	0	0	0	0	0	0	10	0	0	0	0	0
71L	0	0	0	0	0	0	0	7	0	0	1	0	0	0	0	0	0	20	0	0	0
72V	0	0	0	0	0	1	0	3	0	0	0	0	0	0	0	0	0	0	0	0	0
73Y	0	0	0	0	2	0	0	0	0	0	0	0	0	0	0	0	0	0	0	0	0
74V	0	0	0	0	1	0	0	7	0	0	1	0	0	0	0	0	0	0	0	0	0
75V	0	0	0	0	0	0	0	0	0	0	0	0	0	0	0	0	0	0	0	0	0
76N	0	0	0	0	0	0	0	0	0	0	0	0	0	0	0	0	0	0	0	0	0
77Y	0	0	0	0	0	0	0	0	0	0	0	0	0	0	0	0	0	0	0	0	0
78P	0	0	0	0	0	0	0	0	0	0	0	0	0	0	0	0	0	0	0	0	0
79K	0	0	0	0	0	0	0	0	0	0	0	0	0	0	0	0	0	0	0	0	0
80D	0	0	0	0	0	0	0	0	0	0	0	0	0	0	0	0	0	0	0	0	0
81N	0	0	0	0	0	0	0	0	0	0	0	0	0	0	0	0	0	0	0	0	0
82K	0	0	0	0	0	0	0	0	0	0	0	0	0	0	0	0	0	0	0	0	0
83R	0	0	0	0	0	0	0	0	0	0	0	0	0	0	0	0	0	0	0	0	0
84K	0	0	0	0	0	0	0	0	0	0	0	0	0	0	0	0	0	0	0	0	0
85M	0	0	0	0	0	0	0	0	0	0	0	0	0	0	0	0	0	0	0	0	0
86D	0	0	0	38	0	0	0	0	0	0	0	0	0	0	0	0	0	0	0	0	0
87E	0	0	0	0	0	0	0	0	0	0	0	0	0	0	0	0	0	0	0	0	0
88T	4	0	0	0	0	0	0	81	0	0	16	0	0	0	0	1	0	0	0	0	0
89D	0	0	0	1	0	0	0	0	0	0	0	0	0	0	0	0	0	0	0	0	0
90A	0	0	0	0	0	0	0	0	0	0	0	0	0	0	0	0	0	0	0	0	0
91S	55	0	0	0	0	0	0	0	0	0	0	0	0	0	0	0	0	0	0	0	0
92S	0	0	0	0	0	0	0	0	0	2	0	0	0	0	0	0	4	0	0	0	0
93A	0	0	0	0	0	0	0	0	0	0	0	0	0	0	0	0	0	5	0	0	0
94V	0	0	0	0	0	0	0	0	0	0	0	0	0	0	0	1	6	0	0	0	3
95K	0	0	0	0	0	0	0	0	0	0	0	0	0	0	0	0	0	0	0	0	0
96V	0	0	0	0	0	0	0	43	0	0	42	0	0	0	0	0	0	0	0	0	0
97K	0	0	0	0	0	0	0	0	0	0	0	0	0	0	0	0	0	0	0	0	0
98R	0	0	0	0	0	0	0	0	0	0	0	0	0	0	0	0	0	0	0	0	0
99A	0	0	0	0	0	92	0	0	0	0	0	0	0	0	0	4	0	1	0	0	0
100V	0	0	45	0	32	0	0	12	0	0	0	0	0	0	0	1	0	0	0	1	0
101Q	0	0	2	5	0	0	1	0	0	1	33	0	0	0	0	0	3	0	0	0	0
102K	0	0	0	0	0	0	0	0	0	0	0	0	0	0	2	0	0	0	0	0	0
103T	0	0	0	0	0	0	0	0	0	0	0	0	0	0	0	0	0	0	0	0	0
104S	0	0	0	0	0	0	0	0	0	0	0	0	0	0	0	0	0	0	0	0	0
105D	0	0	0	0	0	0	0	0	0	0	0	0	0	0	0	0	0	0	0	0	0
106L	0	0	0	0	1	0	0	0	0	0	0	0	0	0	0	0	0	0	0	0	0
107I	0	0	0	0	0	0	0	0	0	0	0	0	0	0	0	0	0	0	0	0	0
108V	0	0	0	0	0	0	0	7	0	0	0	0	0	0	0	0	0	0	0	0	0
109L	0	0	0	0	0	0	0	0	0	0	0	0	0	0	0	0	0	0	0	0	0
110G	0	0	0	0	0	0	0	0	0	0	0	0	0	0	0	0	0	0	0	0	0
111L	0	0	0	0	0	0	0	0	0	0	0	0	0	0	0	0	0	1	0	0	0
112P	0	0	0	0	0	0	0	0	0	0	0	0	0	0	0	0	0	0	0	0	0
113W	0	0	0	0	0	0	0	0	0	0	0	0	0	0	0	0	0	0	0	0	0
114K	0	0	0	0	0	0	0	0	0	0	0	0	0	0	0	0	0	0	0	0	0
115T	0	0	0	0	0	0	0	0	0	0	0	0	0	0	0	0	0	0	0	0	0
116T	0	0	0	0	0	0	0	0	0	0	0	0	0	0	0	32	0	0	0	0	0
117E	0	0	0	0	0	0	0	0	0	0	0	0	0	0	0	0	0	0	0	0	0
118Q	0	0	0	0	0	0	0	0	0	0	0	0	0	0	0	0	0	0	0	0	0
119D	0	0	0	0	0	1	0	0	0	0	0	0	0	0	0	0	0	0	0	0	0
120L	0	0	0	0	0	0	0	0	0	0	0	0	0	0	0	0	0	0	0	0	0
121K	0	0	0	0	0	0	0	0	0	0	0	0	0	0	0	0	0	0	0	0	0
122E	0	0	121	0	0	0	0	0	0	0	0	0	0	0	0	0	0	0	0	0	0
123Y	0	0	0	0	0	0	0	0	0	0	0	0	0	0	0	0	0	0	0	0	0
124F	0	0	0	0	0	0	0	0	0	0	0	0	0	0	0	0	0	0	0	0	0
125S	8	0	0	0	0	5	0	0	0	0	0	2	0	0	0	0	7	1	0	0	0
126T	1	0	0	0	0	0	0	0	0	0	0	0	0	0	0	0	0	0	0	0	0
127F	0	0	0	0	0	0	0	0	0	0	0	0	0	0	0	0	0	0	0	0	0
128G	0	0	0	0	0	0	0	0	0	0	0	0	0	0	0	0	0	0	0	0	0
129E	0	0	1	0	0	0	0	0	0	0	0	0	0	0	0	0	0	0	0	0	0
130V	0	0	0	0	0	0	0	0	0	0	0	0	0	0	0	0	0	0	0	0	0
131L	0	0	0	0	0	0	0	100	0	0	0	0	0	0	0	0	0	0	0	0	0
132M	0	0	0	0	0	0	0	0	0	0	0	0	0	0	0	0	0	1	0	0	0
133V	1	0	0	0	0	0	0	0	0	0	0	0	0	0	0	0	0	0	0	0	0
134Q	0	0	0	0	0	0	0	0	0	0	0	0	0	0	0	0	0	0	0	0	0
135V	0	0	0	0	0	0	0	1	0	0	0	0	0	0	0	0	0	0	0	0	0
136K	0	0	0	0	0	0	0	0	0	0	0	0	0	0	0	0	0	0	0	0	0
137K	0	0	0	0	0	0	0	0	0	0	0	0	0	0	98	0	0	0	0	0	0
138D	0	0	0	2	0	0	0	0	0	0	0	0	0	1	0	0	0	0	0	0	0
139L	60	0	0	0	0	2	0	125	0	0	0	0	0	0	0	0	3	30	0	0	3
140K	1	0	0	0	0	0	0	0	0	0	0	1	0	0	4	0	1	0	0	0	0
141T	0	0	0	0	0	1	0	0	0	0	0	1	0	0	0	6	0	0	0	0	0
142G	0	0	0	0	0	0	0	0	0	0	0	0	0	0	0	0	0	0	0	0	0
143H	0	0	0	0	0	0	0	1	0	0	0	97	0	0	0	1	0	0	0	0	0
144S	0	0	0	0	0	0	0	0	0	0	0	0	0	0	0	0	0	0	0	0	0
145K	0	0	0	0	0	0	0	0	0	0	0	0	0	0	0	0	0	0	0	0	0
146G	0	0	0	0	0	0	0	0	0	0	0	0	0	0	0	0	0	0	0	0	0
147F	0	0	0	0	0	0	0	0	0	0	0	0	0	0	0	0	0	0	0	0	0
148G	0	0	0	0	0	0	0	0	0	0	0	0	0	0	0	0	0	0	0	0	0
149F	0	0	0	0	0	0	0	0	0	0	0	0	0	0	0	0	0	0	0	0	0
150V	0	0	0	0	0	0	0	0	0	0	0	0	0	0	0	0	0	0	0	0	0
151R	0	0	0	0	0	0	0	0	0	1	0	0	0	0	0	0	0	0	0	0	0
152F	0	0	0	0	0	0	0	0	0	0	0	0	0	0	0	0	0	0	0	1	0
153T	24	0	0	0	0	2	0	0	0	0	0	0	0	0	0	0	0	0	0	0	1
154E	0	0	103	0	0	1	0	0	0	0	0	0	0	0	0	0	0	0	0	0	0
155Y	0	0	0	0	0	0	0	0	0	0	0	0	0	0	0	0	0	0	9	0	0
156E	0	0	6	0	0	0	0	0	0	0	0	0	0	0	0	0	0	0	0	0	0
157T	26	0	0	0	0	0	0	1	0	0	0	0	0	0	0	8	0	1	0	0	0
158Q	0	0	0	0	0	0	0	0	0	0	0	0	0	0	0	0	0	0	0	0	0
159V	0	0	5	28	0	6	0	7	0	0	0	2	0	0	0	9	32	0	0	0	0
160K	0	0	0	0	0	0	0	0	0	0	0	0	0	0	0	0	0	0	0	0	0
161V	3	0	0	0	0	0	0	0	0	0	0	0	0	0	0	0	0	0	0	0	0
162M	0	0	0	0	0	0	0	75	0	0	0	0	0	0	0	0	0	2	0	0	0
163S	34	0	0	0	0	0	0	0	0	0	0	1	0	0	0	0	4	0	0	0	0
164Q	0	0	0	0	0	0	0	0	0	0	0	0	0	0	0	0	0	0	0	0	0
165R	0	0	0	0	0	0	0	0	0	0	0	0	0	0	0	0	0	0	0	0	0
166H	0	0	0	0	0	0	0	0	0	0	0	0	0	0	0	0	0	0	0	0	0
167M	0	0	0	0	0	0	0	0	0	1	0	0	0	0	0	0	0	0	0	0	0
168I	0	0	0	0	0	0	0	0	0	0	0	0	0	0	0	0	1	0	0	0	0
169D	0	0	0	0	0	0	0	0	0	0	0	0	0	0	0	0	0	0	0	0	0
170G	0	0	0	0	0	0	0	0	0	0	0	0	0	0	0	0	0	0	0	0	0
171R	0	0	0	0	0	0	0	0	0	0	0	0	0	0	0	0	0	0	0	0	0
172W	0	0	0	0	0	0	0	0	0	0	0	0	0	0	0	0	0	0	0	0	0
173C	0	0	0	0	0	0	0	0	0	0	0	0	0	0	0	0	0	0	0	0	0
174D	0	0	0	0	0	0	0	0	0	0	0	0	0	0	0	0	0	0	0	0	0
175C	0	0	0	0	0	0	0	0	0	0	0	0	0	0	0	0	0	0	0	0	0
176K	0	0	0	0	0	0	0	0	0	0	0	0	0	0	0	0	0	0	0	0	0
177L	0	0	0	0	2	0	2	0	0	0	0	0	0	0	0	0	0	1	0	0	0
178P	0	0	0	0	0	0	0	0	0	0	0	0	0	0	0	0	0	0	0	0	0
179N	0	0	0	0	0	0	0	0	0	0	0	0	0	0	0	0	0	0	0	0	0
180S	0	0	0	0	0	0	0	0	0	0	0	0	0	0	0	0	0	0	0	0	0
181K	0	0	0	0	0	0	0	0	0	0	0	0	0	0	1	0	0	0	0	0	0
182Q	43	0	0	0	0	0	0	0	0	0	1	1	1	0	0	0	3	3	0	1	4
183S	0	20	0	0	1	59	0	0	0	0	0	3	1	0	0	0	0	0	0	0	1
184Q	6	0	0	0	0	0	0	1	0	2	0	0	236	0	0	0	0	0	0	0	1
185D	0	0	0	0	0	1	0	0	0	0	0	0	0	0	0	0	0	0	0	0	1
186E	0	0	1	0	0	1	0	0	0	0	0	0	0	0	0	0	0	0	0	0	1
187P	0	0	0	0	0	0	0	0	0	0	0	0	0	0	0	0	0	0	0	0	2
188L	0	0	0	0	0	0	0	0	0	0	67	0	0	1	0	0	1	0	0	0	2
189R	0	0	0	0	0	0	0	0	1	0	0	0	0	0	0	0	0	0	0	0	2
190S	0	4	0	0	0	0	0	0	0	0	0	2	0	0	0	0	0	0	0	0	2
191R	0	2	0	0	0	0	0	0	0	0	0	0	0	0	0	0	0	0	0	0	1
192K	0	0	0	0	0	0	0	0	0	0	0	0	0	0	0	0	0	0	0	0	1
193V	0	0	0	0	0	0	0	40	0	0	0	0	0	0	0	0	0	0	0	0	1
194F	0	0	0	0	0	0	0	0	0	0	0	0	0	0	0	0	0	0	0	0	1
195V	0	0	0	0	0	0	0	0	0	0	0	0	0	0	0	0	0	0	0	0	1
196G	1	0	0	0	0	0	0	0	0	0	0	0	0	0	0	0	0	0	0	0	1
197R	1	0	0	0	0	0	0	0	0	0	0	0	0	0	0	0	0	0	0	0	1
198C	0	0	0	0	0	0	0	0	0	0	0	0	0	0	0	0	0	0	0	0	1
199T	0	0	0	0	0	0	0	0	0	0	0	0	0	0	0	0	0	0	0	0	1
200E	0	0	4	0	0	0	0	0	0	0	0	0	0	0	0	0	0	0	0	0	1
201D	0	0	0	0	0	0	0	0	0	0	0	0	0	0	0	0	0	0	0	0	1
202M	0	0	0	0	0	0	0	13	0	2	0	0	0	0	0	0	0	0	0	0	1
203T	0	0	0	0	0	0	0	0	0	0	0	0	0	0	0	11	0	0	0	0	1
204E	166	0	0	0	0	0	0	0	0	0	0	0	5	0	0	2	66	2	0	0	1
205D	0	0	0	20	0	0	0	0	0	0	0	0	0	0	0	0	0	0	0	0	1
206E	0	0	61	0	0	0	0	0	0	0	0	0	0	0	0	0	0	0	0	0	1
207L	0	0	0	0	0	0	0	0	0	0	0	0	0	0	0	0	0	0	0	0	2
208R	0	0	0	1	0	0	0	0	0	0	0	0	0	30	0	0	0	0	0	0	1
209E	0	0	0	0	0	1	0	0	0	0	0	0	0	247	0	0	0	0	0	0	1
210F	0	0	0	0	0	0	0	0	0	0	0	0	0	0	0	1	0	0	0	33	0
211F	0	0	0	0	0	0	0	0	0	0	0	0	0	0	0	1	0	0	0	0	0
212S	51	72	0	0	0	2	0	2	0	1	93	0	0	0	0	0	0	0	0	0	0
213Q	0	0	0	0	0	0	0	0	0	1	0	0	0	0	0	0	0	0	0	0	0
214Y	0	0	0	0	2	0	0	0	0	0	0	0	0	0	0	1	0	0	0	0	0
215G	0	0	0	0	0	0	0	0	0	0	1	0	0	0	0	0	0	0	0	0	0
216D	0	0	0	246	0	0	0	0	0	0	0	0	0	0	0	0	0	0	0	0	0
217V	0	0	0	0	0	0	0	0	0	0	0	0	0	0	0	0	0	0	0	0	0
218M	0	0	0	1	0	0	0	1	0	2	0	0	0	0	0	0	98	142	0	0	0
219D	0	0	0	0	0	0	0	0	0	0	0	0	0	0	0	0	0	0	0	0	0
220V	0	0	0	0	0	0	0	0	0	0	0	0	0	0	0	0	0	0	0	0	0
221F	0	0	0	0	0	0	0	0	0	0	0	0	0	0	0	0	0	0	0	0	0
222I	0	0	0	0	0	0	0	0	0	0	0	0	0	0	0	0	0	0	0	0	0
223P	0	0	0	0	0	0	0	0	0	0	0	0	0	0	0	0	0	0	0	0	0
224K	0	0	0	0	0	0	0	1	0	0	0	1	0	0	0	0	3	0	0	0	0
225P	0	0	0	0	0	0	0	0	0	0	0	0	0	0	0	0	0	0	0	0	0
226F	0	0	0	0	0	0	0	0	0	0	0	0	0	0	0	0	0	0	0	0	0
227R	0	0	0	0	0	0	0	0	0	0	0	0	0	0	0	0	0	0	0	0	0
228A	0	0	0	0	0	0	0	0	0	0	0	0	0	0	0	0	0	0	0	0	0
229F	0	0	0	0	0	0	0	0	0	0	0	0	0	0	0	0	0	0	0	0	0
230A	0	0	0	0	0	0	0	0	0	0	0	0	0	0	0	3	0	0	0	0	0
231F	0	0	0	0	0	0	0	0	0	0	0	0	0	0	0	0	0	0	0	0	0
232V	0	0	0	0	0	0	0	0	0	0	0	0	0	0	0	0	0	0	0	0	0
233T	0	0	0	0	0	0	0	0	0	0	0	0	0	0	0	5	0	0	0	0	0
234F	0	0	0	0	0	0	0	0	0	0	0	0	0	0	0	0	0	0	0	0	0
235A	0	0	0	0	0	1	0	0	0	0	0	0	0	0	0	3	0	0	0	0	0
236D	0	0	0	0	0	0	0	0	0	0	0	0	0	0	0	0	0	0	0	0	0
237D	0	0	0	0	0	0	1	0	0	0	0	0	0	0	0	0	0	0	0	1	0
238Q	1	0	0	0	0	0	0	0	8	0	0	0	0	0	0	0	0	0	0	0	0
239I	0	0	0	0	0	0	0	0	0	0	0	0	0	0	0	0	0	242	0	0	0
240A	0	0	0	0	0	0	0	0	0	0	0	0	0	0	0	0	0	0	0	0	0
241Q	9	0	0	0	0	0	0	0	0	0	0	0	0	0	0	14	0	0	0	0	0
242S	45	0	0	0	0	0	0	0	0	0	0	0	0	0	0	0	0	0	0	0	0
243L	0	0	0	0	0	0	0	0	0	0	0	0	0	0	0	0	0	0	0	0	0
244C	0	0	0	0	0	0	0	0	0	0	0	0	0	0	0	0	0	0	0	0	0
245G	0	0	0	0	0	0	0	0	0	0	0	0	0	0	0	0	0	0	0	0	0
246E	0	0	0	0	0	0	0	0	0	0	0	0	0	0	0	0	0	0	0	0	0
247D	0	0	0	0	0	0	0	0	0	0	0	0	0	0	0	0	0	0	0	0	0
248L	0	0	0	0	0	0	0	0	0	0	0	0	0	0	0	0	0	0	0	0	0
249I	0	0	0	0	0	0	0	0	0	0	0	0	0	0	0	0	0	0	0	0	0
250I	0	0	0	0	0	0	0	0	0	0	0	0	0	0	0	0	0	3	0	0	0
251K	0	0	0	0	0	0	0	0	0	0	0	0	0	0	0	0	0	0	0	0	0
252G	0	0	0	0	0	0	0	0	0	0	0	0	0	0	0	0	0	0	0	0	0
253I	0	0	0	0	0	0	0	0	0	0	0	0	0	0	0	0	10	86	0	0	0
254S	0	0	0	0	0	0	0	0	0	0	0	0	0	0	0	0	0	0	0	0	0
255V	0	0	0	0	0	0	0	1	0	0	0	0	0	0	0	0	0	0	0	0	0
256H	0	0	0	0	0	0	0	0	0	0	0	0	0	0	0	0	0	0	0	0	0
257I	0	0	0	0	0	0	0	0	0	0	0	0	0	0	0	0	0	3	0	0	0
258S	0	0	0	0	0	0	0	0	0	0	0	0	0	0	0	0	0	0	0	0	0
259N	0	0	0	0	0	0	0	0	0	0	0	0	0	0	0	0	3	0	0	0	0
260A	0	0	0	0	0	0	0	0	0	0	0	0	0	0	0	0	0	0	0	0	0
261E	0	0	0	0	0	0	0	0	0	0	0	0	0	0	0	0	0	0	0	0	0
262P	0	0	0	0	0	0	0	0	0	0	0	0	0	0	0	0	0	0	0	0	0
263K	0	0	0	0	0	0	0	0	0	0	0	0	0	0	1	0	0	0	0	0	0
264H	0	0	0	0	0	0	0	0	0	0	0	0	0	0	0	0	0	0	0	0	0
265N	0	0	0	0	0	5	1	0	0	0	0	0	0	0	0	6	0	0	0	0	28
266S	1	0	0	0	0	29	0	0	0	0	0	66	0	0	0	0	0	0	0	0	1
267N	0	0	0	0	0	0	0	1	0	0	0	0	0	0	9	72	6	0	0	0	0
268R	0	0	0	0	0	1	0	0	0	0	0	0	1	7	0	1	0	0	0	0	0
269Q	1	0	0	0	0	0	3	0	0	1	5	0	0	0	0	1	0	0	0	0	0
270L	0	0	0	0	21	0	0	0	0	0	65	0	0	0	0	2	2	0	0	7	0
271E	0	0	36	0	0	0	0	0	0	1	47	0	1	0	0	0	1	0	0	0	0
272R	0	0	47	2	0	0	0	0	0	0	0	0	0	0	0	0	1	0	0	0	0
273S	13	0	0	0	0	72	0	0	0	1	0	0	0	0	48	0	28	1	0	0	1
274G	21	0	0	0	0	0	0	0	0	0	0	0	0	0	0	2	5	1	0	0	0
275R	0	0	0	0	0	0	0	0	0	0	0	0	0	2	0	0	0	0	0	0	7
276F	0	0	0	0	0	0	0	0	0	1	0	0	0	0	0	1	0	0	0	2	7
277G	0	0	0	0	0	0	0	0	0	0	0	0	1	0	0	1	0	0	0	0	17
278G	31	0	0	0	0	0	0	1	0	0	0	4	0	0	0	0	0	0	0	0	62
279N	0	0	0	0	0	0	0	0	0	0	0	0	0	1	1	1	0	0	0	0	97
280P	8	0	0	0	0	0	0	0	1	0	0	0	0	1	0	0	1	2	0	0	85
281G	2	0	0	0	0	0	0	0	0	0	0	43	0	0	1	0	0	0	0	0	1
282G	4	0	0	0	0	0	0	0	0	1	0	1	0	0	0	2	0	0	0	0	1
283F	0	0	0	0	0	0	0	1	0	0	0	0	0	0	0	0	0	0	0	2	1
284G	1	0	0	0	0	0	0	0	0	0	0	1	0	0	0	25	0	0	0	0	7
285N	33	0	0	0	0	23	0	0	1	0	0	0	0	31	0	2	0	0	0	0	2
286Q	0	0	0	0	0	0	0	0	0	0	0	0	1	0	0	0	0	0	0	0	35
287G	1	0	0	0	0	0	0	0	0	0	0	0	0	0	0	0	0	0	0	0	95
288G	29	0	0	0	0	0	0	0	0	0	0	0	0	0	0	0	0	0	0	0	2
289F	0	0	0	0	0	1	0	0	0	0	0	0	0	0	0	1	0	0	0	42	2
290G	2	0	0	0	0	0	0	0	0	0	0	0	7	0	0	4	0	0	0	0	2
291N	1	0	0	0	0	19	0	0	0	0	0	0	0	0	0	68	0	0	0	0	2
292S	0	0	0	0	0	11	0	0	0	0	0	51	0	0	1	0	0	0	0	0	5
293R	0	0	0	0	1	4	0	0	0	0	0	0	0	0	0	0	0	0	0	0	2
294G	0	0	0	0	0	0	0	0	0	0	0	0	3	0	2	11	0	0	0	0	43
295G	0	0	0	0	0	0	0	1	0	0	0	2	0	0	0	8	0	0	0	0	52
296G	2	0	0	0	0	0	0	0	0	4	5	0	0	0	1	5	0	0	0	0	57
297A	0	0	0	0	0	73	0	0	0	0	0	0	2	0	0	54	6	0	0	0	28
298G	2	0	0	0	0	0	0	0	0	0	0	0	0	0	0	5	0	0	0	0	20
299L	0	0	0	0	0	2	0	1	0	0	2	0	0	0	0	3	1	0	0	0	47
300G	0	0	0	0	0	0	0	0	0	0	0	0	0	0	0	2	0	0	0	0	44
301N	0	0	0	0	0	5	0	0	0	2	1	0	0	0	0	36	2	0	0	0	48
302N	0	0	0	0	0	3	0	0	1	0	0	0	0	0	0	49	0	0	0	0	47
303Q	12	0	0	0	0	0	1	3	0	1	1	0	7	0	0	10	19	0	0	0	44
304G	1	0	0	0	0	0	0	0	0	1	0	32	1	0	0	11	1	0	0	0	37
305S	0	0	0	0	0	11	0	0	0	0	0	7	0	0	0	0	1	0	0	0	31
306N	1	0	0	0	0	1	0	0	0	0	0	0	1	0	0	39	2	0	0	0	35
307M	0	0	0	0	0	4	0	0	0	27	0	2	2	0	0	2	0	0	0	0	45
308G	32	0	0	0	0	0	0	0	0	0	0	2	0	0	0	28	0	0	0	0	25
309G	1	0	0	0	0	0	0	0	0	0	0	0	0	0	0	13	0	0	0	0	53
310G	0	0	0	0	0	0	0	0	0	1	0	0	0	0	0	5	0	0	0	0	47
311M	0	0	0	0	0	0	0	0	0	0	0	0	0	0	0	3	0	50	0	0	42
312N	0	0	0	0	0	0	0	0	0	0	0	0	0	0	0	0	0	0	0	0	1
313F	0	0	0	0	0	0	0	0	0	1	0	0	0	0	0	0	0	1	0	0	1
314G	0	0	0	0	0	0	0	0	0	0	0	0	0	0	1	7	0	0	0	0	1
315A	0	0	0	0	0	7	0	0	0	0	0	15	0	1	0	28	0	0	0	0	1
316F	0	0	0	0	0	0	0	1	0	46	0	0	0	0	0	0	0	0	0	0	2
317S	0	0	0	0	0	33	0	0	0	0	0	13	0	0	0	0	0	0	0	0	2
318I	0	0	0	0	0	0	0	0	0	94	0	0	0	0	0	0	0	1	0	0	1
319N	0	0	0	0	0	0	0	0	0	0	0	0	1	0	0	1	1	0	0	0	1
320P	0	0	0	0	0	0	0	0	0	0	0	0	0	0	0	0	0	1	0	0	0
321A	0	0	0	0	0	0	0	0	0	0	0	0	1	0	0	0	0	0	0	0	0
322M	0	0	0	0	0	0	0	0	0	1	0	0	0	0	1	0	0	1	0	0	0
323M	0	0	0	0	0	0	0	0	0	2	0	0	0	0	0	0	0	33	0	0	0
324A	0	0	0	0	0	0	0	0	0	0	0	0	0	1	0	0	0	0	0	0	1
325A	0	1	0	0	0	0	0	0	0	0	0	0	0	0	0	0	1	0	0	0	11
326A	0	0	0	0	0	0	0	0	0	0	0	0	0	0	0	0	0	1	0	0	11
327Q	0	0	0	0	0	0	0	0	0	0	0	1	0	0	0	0	0	0	0	0	11
328A	0	0	0	0	0	0	0	0	0	0	0	0	0	0	0	0	0	1	0	0	0
329A	0	0	0	0	0	0	0	0	0	0	0	0	0	0	0	0	0	0	0	0	1
330L	0	0	0	0	0	0	0	0	0	0	0	0	0	0	0	0	0	0	0	0	1
331Q	0	0	0	0	0	0	1	0	0	0	0	0	0	0	0	0	0	0	0	0	1
332S	0	0	0	0	0	1	0	0	0	0	0	3	0	0	1	0	0	0	0	0	1
333S	0	0	0	0	0	0	0	0	0	0	0	0	0	0	0	0	0	0	0	0	3
334W	0	0	0	0	0	0	0	0	0	0	0	0	0	0	0	0	0	0	0	0	3
335G	0	0	0	0	0	0	0	0	0	0	0	0	0	0	0	0	0	0	0	0	3
336M	0	0	0	0	0	0	0	0	0	0	0	0	0	0	1	0	0	2	0	0	3
337M	0	0	0	0	0	0	0	0	0	0	0	0	0	0	0	0	0	0	0	0	4
338G	0	0	0	0	0	0	0	0	0	0	0	0	0	0	0	1	0	0	0	0	4
339M	0	0	0	0	0	0	0	0	0	0	0	0	0	0	0	0	0	0	0	0	1
340L	0	0	0	0	0	0	0	0	0	0	0	0	0	0	0	2	0	0	0	0	1
341A	0	0	0	0	0	0	0	0	0	1	0	0	0	0	0	0	0	0	0	0	0
342S	0	0	0	0	0	1	0	0	0	0	0	46	0	0	0	0	0	0	0	0	9
343Q	0	0	0	0	0	0	1	0	0	0	0	0	0	0	0	1	0	0	0	0	0
344Q	0	0	0	0	0	0	0	0	1	0	0	0	0	0	0	0	0	0	0	0	0
345N	0	0	0	0	0	31	1	0	0	0	0	0	0	1	0	4	1	0	0	0	55
346Q	0	0	0	0	0	0	0	0	0	2	1	0	0	0	0	1	3	0	0	0	30
347S	2	0	0	0	0	0	0	0	0	0	0	0	1	0	0	0	48	0	0	0	30
348G	21	0	0	0	0	0	0	0	0	0	0	7	3	0	0	25	5	0	0	0	33
349P	15	0	0	0	0	0	0	0	0	0	0	1	0	0	0	6	39	2	0	0	32
350S	10	1	0	0	0	1	0	0	0	0	0	0	1	3	0	0	3	0	0	0	32
351G	2	0	0	0	0	0	0	0	0	0	0	0	0	0	0	1	0	0	0	0	1
352N	3	0	0	0	0	0	1	0	0	30	0	0	0	0	0	37	27	0	0	0	3
353N	7	0	0	0	0	7	0	0	0	0	0	0	0	1	0	22	59	0	0	0	4
354Q	10	0	0	0	0	0	0	0	0	0	0	1	5	0	0	30	41	0	0	0	3
355N	11	0	0	0	0	13	0	0	0	0	0	0	63	0	1	132	31	0	0	0	2
356Q	30	0	0	0	0	37	0	0	0	0	0	0	3	0	1	8	3	0	0	0	2
357G	6	0	0	0	1	0	0	0	0	0	0	0	0	1	0	1	47	0	0	0	0
358N	1	0	0	0	0	0	0	0	0	0	0	0	0	1	0	66	34	0	0	0	1
359M	40	0	0	0	0	2	0	1	0	2	0	0	0	3	0	41	4	3	0	0	6
360Q	4	0	0	1	0	0	0	0	0	0	0	2	4	0	2	44	36	0	0	0	6
361R	0	0	2	0	0	2	0	0	0	0	0	0	0	0	0	2	32	0	0	0	0
362E	0	0	58	0	0	1	0	0	0	0	0	0	0	2	0	0	33	0	0	0	0
363P	0	0	0	1	0	0	0	0	1	0	0	0	0	124	33	1	0	0	0	0	1
364N	2	0	33	0	0	8	0	0	0	1	0	0	2	1	0	33	10	0	0	0	2
365Q	0	0	0	0	0	0	0	0	1	0	0	0	1	0	1	0	1	0	0	0	2
366A	0	0	0	0	0	64	0	0	0	0	0	1	4	0	0	37	42	1	0	0	2
367F	0	0	0	0	0	0	0	0	0	1	0	0	0	0	0	0	0	0	0	62	0
368G	0	0	0	0	0	0	0	0	0	0	0	5	0	0	0	146	1	1	0	0	1
369S	10	0	0	0	0	2	0	0	0	0	0	0	0	0	0	0	32	0	0	0	0
370G	33	0	0	0	0	0	0	0	0	0	0	5	1	0	0	9	2	0	0	0	3
371N	0	0	0	0	0	4	0	0	0	0	0	0	0	0	0	59	1	0	0	0	1
372N	0	0	0	0	0	3	0	0	0	0	0	0	0	0	0	46	40	0	0	0	1
373S	1	0	0	0	0	0	0	0	0	0	0	49	0	0	0	0	0	0	0	0	2
374Y	0	0	0	0	2	0	0	0	0	0	0	1	0	0	0	1	0	0	0	0	1
375S	0	0	0	0	0	68	0	0	0	0	0	7	0	0	0	0	3	0	0	2	42
376G	4	0	0	0	0	0	0	0	0	0	0	0	0	0	0	9	3	0	0	0	71
377S	4	0	0	0	0	23	0	0	0	0	0	3	6	0	0	0	13	0	0	0	5
378N	0	0	1	0	0	11	0	0	0	0	0	0	34	0	0	15	26	0	0	0	5
379S	3	0	0	0	0	1	0	0	0	0	0	0	1	0	0	0	1	0	0	0	3
380G	1	0	0	0	0	0	0	0	0	0	0	0	0	0	0	66	2	0	0	0	24
381A	0	0	0	0	0	1	0	0	0	0	0	0	3	0	0	2	0	0	0	0	10
382A	0	0	0	0	0	2	0	0	0	0	0	1	9	1	0	80	0	0	0	0	4
383I	0	0	0	0	0	0	1	0	0	105	0	0	0	0	0	0	0	2	0	0	1
384G	0	0	0	0	0	0	0	0	0	0	0	0	0	1	0	4	0	0	0	0	1
385W	0	0	0	0	0	0	0	0	0	0	0	0	0	0	0	0	0	0	0	0	1
386G	32	0	0	0	0	0	0	0	0	0	0	1	4	0	0	0	2	1	0	0	1
387S	39	1	0	0	0	10	0	0	0	0	0	0	2	0	0	0	33	0	0	0	2
388A	0	1	0	0	0	93	0	0	0	0	0	0	0	0	0	1	3	0	0	0	8
389S	1	0	0	0	0	0	0	0	0	0	0	3	3	0	0	0	47	0	0	0	1
390N	0	0	0	0	0	0	0	0	0	0	0	0	0	0	0	1	3	0	0	0	1
391A	0	0	0	0	0	0	0	0	0	0	0	2	10	0	0	56	41	1	0	0	1
392G	50	0	0	0	0	0	0	0	0	0	0	0	1	1	0	4	31	0	0	0	6
393S	4	0	0	0	0	0	0	0	0	0	0	1	3	0	0	0	7	0	0	0	2
394G	2	0	0	0	1	0	0	0	0	0	0	8	0	0	0	93	0	0	0	0	1
395S	1	0	0	0	0	10	0	0	0	0	0	0	1	0	0	0	4	0	0	0	1
396G	0	0	0	0	0	0	0	0	0	0	0	0	0	0	0	4	0	0	0	0	1
397F	0	0	0	0	0	0	0	0	0	1	0	0	0	0	0	0	0	0	0	0	1
398N	0	0	0	0	0	1	0	0	0	0	0	0	0	0	0	74	1	0	0	0	1
399G	2	0	0	0	0	0	0	0	0	0	0	0	1	0	1	91	2	0	0	0	1
400G	0	0	0	0	0	0	0	0	0	0	0	1	0	0	0	17	0	0	0	0	1
401F	0	0	0	0	0	0	0	0	0	1	0	0	0	0	0	0	0	0	0	0	1
402G	0	0	0	0	0	0	0	0	0	0	0	0	0	0	0	2	0	0	0	0	2
403S	8	0	0	0	0	0	0	0	0	0	0	5	1	0	0	0	26	0	0	0	2
404S	0	0	0	0	0	2	0	0	0	0	0	1	1	0	0	0	1	0	0	0	1
405M	1	0	0	0	0	0	0	0	0	2	0	0	0	0	0	0	0	1	0	0	1
406D	0	0	0	95	0	0	0	0	0	0	0	1	0	0	0	0	0	0	0	0	1
407S	0	0	0	0	0	0	0	0	1	0	0	0	0	0	0	0	9	0	0	0	1
408K	0	0	0	0	0	0	0	0	0	0	0	0	0	0	0	0	0	0	0	0	1
409S	0	0	0	0	0	0	0	0	0	0	0	0	9	0	1	0	1	0	0	0	1
410S	0	0	0	0	0	0	0	0	0	0	0	0	0	0	1	0	1	0	0	0	1
411G	0	0	0	0	0	0	0	0	0	0	0	3	0	0	0	39	0	0	0	0	9
412W	0	0	0	0	0	1	0	0	0	0	0	0	0	0	0	0	0	1	0	0	1
413G	2	0	0	0	0	0	0	0	0	0	0	0	0	0	0	0	0	0	0	0	0
414M	0	0	0	0	0	1	0	2	0	1	0	0	0	0	0	0	0	3	0	0	1
																						
