NULL	A	C	D	E	F	G	H	I	K	L	M	N	P	Q	R	S	T	V	W	Y	DEL	DUP
1M	0	0	0	0	0	0	0	0	0	0	0	0	0	0	0	0	0	0	0	0	0	0
2A	0	0	0	0	0	0	0	0	0	0	0	0	0	0	0	0	0	0	0	0	0	0
3S	0	0	0	0	0	0	0	0	0	0	0	0	0	0	0	0	0	0	0	0	0	0
4N	0	0	0	0	0	0	0	0	0	0	0	0	0	0	0	0	0	0	0	0	0	0
5D	0	0	0	0	0	9.60947E-06	0	0	0	0	0	0	0	0	0	0	0	0	0	0	0	0
6Y	0	0	0	0	0	0	0	0	0	0	0	0	0	0	0	0	0	0	0	0	0	0
7T	4.80455E-06	0	0	0	0	0	0	0	0	0	0	0	0	0	0	4.8046E-06	0	0	0	0	0	0
8Q	0	0	0	0	0	0	0	0	0	0	0	0	0	0	0	0	0	0	0	0	0	0
9Q	0	0	0	0	0	0	0	0	0	0	0	0	0	0	0	0	0	0	0	0	0	0
10A	0	0	0	0	0	0	0	0	0	0	0	0	0	0	0	0	0	0	0	0	0	0
11T	8.71847E-06	0	0	0	0	0	0	0	0	0	0	0	0	0	0	0	0	0	0	0	0	0
12Q	0	0	0	0	0	0	0	0	0	0	0	0	0	0	0	0	0	0	0	0	0	0
13S	0	0	0	0	0	0	0	0	0	0	0	0	0	0	0	0	0	0	0	0	0	0
14Y	0	4.80575E-06	0	0	0	0	0	0	0	0	0	0	0	0	0	0	0	0	0	0	0	0
15G	0	0	0	0	0	0	0	0	0	0	0	0	0	0	0	0	0	0	0	0	0	0
16A	0	0	0	0	0	0	0	0	0	0	0	0	0	0	0	0	0	0.000113372	0	0	0	0
17Y	0	0	0	0	0	0	0	0	0	0	0	0	0	0	0	4.80571E-06	0	0	0	0	0	0
18P	0	0	0	0	0	0	0	0	0	0	0	0	0	0	0	3.84456E-05	0.000109009	0	0	0	0	0
19T	0	0	0	0	0	0	0	0	0	0	0	0	4.71032E-05	0	0	4.80552E-06	0	0	0	0	0	0
20Q	0	0	0	0	0	0	0	0	0	0	0	0	0	0	0	0	0	0	0	0	0	0
21P	0	0	0	0	0	0	0	0	0	0	0	0	0	0	0	0	4.80547E-06	0	0	0	0	0
22G	0	0	0	0	0	0	0	0	0	0	0	0	0	0	4.80626E-06	0	0	0	0	0	0	0
23Q	0	0	0	0	0	0	0	0	0	0	0	0	0	0	0	0	0	0	0	0	0	0
24G	0	0	0	0	0	0	0	0	0	0	0	0	0	0	0	0	0	0	0	0	0	0
25Y	0	1.44155E-05	0	0	0	0	0	0	0	0	0	0	0	0	0	9.6103E-06	0	0	0	0	0	0
26S	0	0	0	0	0	0	0	0	0	0	0	0	0	0	0	0	0	0	0	0	0	0
27Q	0	0	0	0	0	0	0	0	0	0	0	0	0	0	0	0	0	0	0	0	0	0
28Q	0	0	0	0	0	0	0	0	0	0	0	0	0	0	0	0	0	0	0	0	0	0
29S	0	0	0	0	0	0	0	0	0	0	0	0	0	0	0	0	0	0	0	0	0	0
30S	0	0	0	0	0	0	0	0	0	0	0	0	0	0	0	0	0	0	0	0	0	0
31Q	0	0	0	0	0	0	0	0	0	0	0	0	0	0	0	0	0	0	0	0	0	0
32P	0	0	0	0	0	0	0	0	0	0	0	0	0	0	0	0	0	0	0	0	0	0
33Y	0	0	0	0	0	0	0	0	0	0	0	0	0	0	0	0	0	0	0	0	0	0
34G	0	0	0	4.70323E-05	0	0	0	0	0	0	0	0	0	0	0	0	0	0	0	0	0	0
35Q	0	0	0	0	0	0	0	0	0	0	0	0	0	0	0	0	0	0	0	0	0	0
36Q	0	0	0	0	0	0	4.80492E-06	0	0	0	0	0	0	0	0	0	0	0	0	0	0	0
37S	0	0	0	0	0	0	0	0	0	0	0	0	0	0	0	0	0	0	0	0	0	0
38Y	0	0	0	0	0	0	0	0	0	0	0	0	0	0	0	0	0	0	0	0	0	0
39S	0	0	0	0	0	0	0	0	0	0	0	0	0	0	0	0	0	0	0	0	0	0
40G	8.71847E-05	0	0	0	0	0	0	0	0	0	0	0	0	0	0	0	0	0	0	0	0	0
41Y	0	0	0	0	0	0	0	0	0	0	0	0	0	0	0	0	0	0	0	0	0	0
42S	0	0	0	0	0	0	0	0	0	0	0	0	0	0	0	0	0	0	0	0	0	0
43Q	0	0	0	0	0	0	0	0	0	0	0	0	0	0	0	0	0	0	0	0	0	0
44S	0	0	0	0	0	0	0	0	0	0	0	0	0	0	0	0	0	0	0	0	0	0
45T	0	0	0	0	0	0	0	0	0	0	4.80464E-06	0	0	0	0	0	0	0	0	0	0	0
46D	0	0	0	4.80464E-06	0	0	0	0	0	0	0	0	0	0	0	0	0	0	0	0	0	0
47T	0	0	0	0	0	0	0	0	0	0	0	0	0	0	0	4.80469E-06	0	0	0	0	0	0
48S	0	0	0	0	0	0	0	0	0	0	0	0	0	0	0	0	0	0	0	0	0	0
49G	0	0	0	0	0	0	0	0	0	0	0	0	0	0	0	0	0	0	0	0	0	0
50Y	0	4.7019E-05	0	0	0	0	0	0	0	0	0	0	0	0	0	0	0	0	0	0	0	0
51G	0	0	4.80464E-06	0	0	0	0	0	0	0	0	0	0	0	0	0	0	0	0	0	0	0
52Q	0	0	0	0	0	0	0	0	0	0	0	0	0	0	0	0	0	0	0	0	0	0
53S	0	0	0	0	0	0	0	0	0	0	0	0	0	0	0	0	0	0	0	0	0	0
54S	0	0	0	0	0	0	0	0	0	0	0	1.44138E-05	0	0	0	0	0	0	0	0	0	0
55Y	0	0	0	0	0	0	0	0	0	0	0	0	0	0	0	0	0	0	0	0	0	0
56S	0	0	0	0	4.80455E-06	0	0	0	0	0	0	0	0	0	0	0	0	0	0	0	0	0
57S	0	0	0	0	0	0	0	0	0	0	0	0	0	0	0	0	0	0	0	0	0.000161288	0
58Y	0	0	0	0	0	0	0	0	0	0	0	0	0	0	0	0	0	0	0	0	0	0
59G	0	0	0	0	0	0	0	0	0	0	0	0	0	0	0	0	0	0	0	0	0	0
60Q	0	0	0	0	0	0	0	0	0	0	0	0	0	0	0	0	0	0	0	0	0	0
61S	0	0	0	0	0	4.80469E-06	0	0	0	0	0	1	0	0	0	0	0	0	0	0	0	0
62Q	0	0	0	0	0	0	0	0	0	0	0	0	0	0	0	0	0	0	0	0	0	0
63N	0	0	0	0	0	0	0	0	0	0	0	0	0	0	0	0.000257195	0	0	0	0	0	0
64T	0	0	0	0	0	0	0	0	0	0	0	0	0	0	0	0	0	0	0	0	0	0
65G	0	0	0	0	0	0	0	0	0	0	0	0	0	0	0	0	0	0	0	0	0	0
66Y	0	0	0	0	0	0	0	0	0	0	0	0	0	0	0	0	0	0	0	0	0	0
67G	0	0	0	0	0	0	0	0	0	0	0	0	0	0	0	0	0	0	0	0	0	0
68T	0	0	0	0	0	0	0	0	0	0	0	0	0	0	0	4.8046E-06	0	0	0	0	0	0
69Q	0	0	0	0	0	0	0	0	0	0	0	0	0	0	0	0	0	0	0	0	0	0
70S	0	0	0	0	0	0	0	0	0	0	0	0	0	0	0	0	0	0	0	0	0	0
71T	4.8046E-06	0	0	0	0	0	0	4.70455E-05	0	0	0	0	0	0	0	0	0	0	0	0	0	0
72P	4.70544E-05	0	0	0	0	0	0	0	0	0	0	0	0	0	0	0	4.8046E-06	0	0	0	0	0
73Q	0	0	0	0	0	0	4.80464E-06	0	0	0	0	0	0	0	0	0	0	0	0	0	0	0
74G	4.70588E-05	0	0	0	0	0	0	0	0	0	0	0	0	0	0	0	0	0	0	0	0	0
75Y	0	0	0	0	0	0	0	0	0	0	0	0	0	0	0	0	0	0	0	0	0	0
76G	0	0	0	0	0	0	0	0	0	0	0	0	0	0	0	0	0	0	0	0	0	0
77S	0	0	0	0	0	0	0	0	0	1.74447E-05	0	0	0	0	0	0	0	0	0	0	0	0
78T	0	0	0	0	0	0	0	0	0	0	0	0	0	0	0	0	0	0	0	0	0	0
79G	0	0	0	0	0	0	0	0	0	0	0	0	0	0	0	0	0	0	0	0	0	0
80G	0	0	0	0	0	0	0	0	0	0	0	0	0	0	0	3.92855E-05	0	0	0	0	0	0
81Y	0	0	0	0	0	0	4.80594E-06	0	0	0	0	0	0	0	0	0	0	0	0	0	0	0
82G	0	0	0	0	0	0	0	0	0	0	0	0	0	0	0	0	0	0	0	0	0	0
83S	0	0	0	0	0	0	0	0	0	0	0	0	0	0	0	0	0	0	0	0	0	0
84S	0	0	0	0	0	0	0	0	0	0	0	0	0	0	0	0	0	0	0	0	4.80552E-06	0
85Q	0	0	0	0	0	0	0	0	0	0	0	0	0	0	0	0	0	0	0	0	0	0
86S	0	0	0	0	0	0	0	0	0	0	0	1	0	0	0	0	0	0	0	0	0	0
87S	0	0	0	0	0	0	0	0	0	0	0	0	0	0	0	0	0	0	0	0	0	0
88Q	0	0	0	0	0	0	0	0	0	0	0	0	0	0	0	0	0	0	0	0	0	0
89S	0	0	0	0	0	0	0	0	0	0	0	0	0	0	0	0	9.61012E-06	0	0	0	0	0
90S	0	0	0	0	0	0	0	0	0	0	0	0	0	0	0	0	0	0	0	0	0	0
91Y	0	0	0	0	0	0	0	0	0	0	0	0	0	0	0	0	0	0	0	0	0	0
92G	0	0	0	0	0	0	0	0	0	0	0	0	0	0	4.80529E-06	0	0	0	0	0	0	0
93Q	0	0	0	0	0	0	0	0	0	0	0	0	0	0	0	0	0	0	0	0	0	0
94Q	0	0	0	0	0	0	0	0	0	0	0	0	0	0	0	0	0	0	0	0	0	0
95S	0	0	0	0	0	0	0	0	0	0	0	0	0	0	0	0	0	0	0	0	0	0
96S	0	0	0	0	0	0	0	0	0	0	0	0	0	0	0	0	0	0	0	0	5.28577E-05	0
97Y	0	0	0	0	0	0	0	0	0	0	0	0	0	0	0	0	0	0	0	0	0	0
98P	0	0	0	0	0	0	0	0	0	0	4.8058E-06	0	0	0	0	4.80566E-06	4.80566E-06	0	0	0	0	0
99G	0	0	1.44188E-05	0	0	0	0	0	0	0	0	0	0	0	0	0	0	0	0	0	0	0
100Y	0	0	0	0	0	0	0	0	0	0	0	0	0	0	0	0	0	0	0	0	0	0
101G	0	0	0	0	0	0	0	0	0	0	0	0	0	0	0	0	0	0	0	0	0	0
102Q	0	0	0	0	0	0	0	0	0	0	0	0	0	0	0	0	0	0	0	0	0	0
103Q	0	0	0	0	0	0	4.80524E-06	0	0	0	0	0	0	0	0	0	0	0	0	0	0	0
104P	0	0	0	0	0	0	0	0	0	0	0	0	0	0	0	0	0	0	0	0	0	0
105A	0	0	0	0	0	0	0	0	0	0	0	0	0	0	0	0	0	0	0	0	0	0
106P	0	0	0	0	0	0	0	0	0	2.18E-05	0	0	0	0	0	0	0	0	0	0	0	0
107S	0	0	0	0	0	0	0	0	0	0	0	0	0	0	0	0	0	0	0	0	0	0
108S	0	0	0	0	0	0	0	0	0	0	0	0	0	0	0	0	0	0	0	0	0	0
109T	8.72129E-06	0	0	0	0	0	0	0	0	0	0	0	0	0	0	0	0	0	0	0	0	0
110S	0	0	0	0	0	0	0	0	0	1.44195E-05	0	0	0	0	0	0	0	0	0	0	0	0
111G	0	0	0	4.80603E-06	0	0	0	0	0	0	0	0	0	0	0	0	0	0	0	0	0	0
112S	0	0	0	0	0	0	0	0	0	0	0	0	0	0	0	0	0	0	0	0	0	0
113Y	0	0	0	0	0	0	0	0	0	0	0	0	0	0	0	0	0	0	0	0	0	0
114G	0	4.80547E-06	0	0	0	0	0	0	0	0	0	0	0	0	0	4.80547E-06	0	0	0	0	0	0
115S	0	0	0	0	0	0	0	0	0	0	0	4.80524E-06	0	0	0	0	0	0	0	0	0	0
116S	0	0	0	0	0	0	0	0	0	0	0	0	0	0	0	0	0	0	0	0	0	0
117S	0	0	0	0	0	0	0	0	0	0	0	0	0	0	0	0	0	0	0	0	0	0
118Q	0	0	0	0	0	0	0	0	0	0	0	0	0	0	0	0	0	0	0	0	0	0
119S	0	4.8052E-06	0	0	0	0	0	0	0	0	0	0	0	0	0	0	0	0	0	0	0	0
120S	0	0	0	0	0	0	0	0	0	0	0	0	0	0	0	0	0	0	0	0	0	0
121S	0	0	0	0	0	7.68795E-05	0	0	0	0	0	4.80501E-06	0	0	0	0	0	0	0	0	0	0
122Y	0	0	0	0	0	0	0	0	0	0	0	0	0	0	0	0	0	0	0	0	0	0
123G	0	0	0	0	0	0	0	0	0	0	0	0	0	0	0	0	0	0	0	0	0	0
124Q	0	0	0	0	0	0	0	0	0	0	0	0	0	0	0	0	0	0	0	0	0	0
125P	0	0	0	0	0	0	0	0	0	0	0	0	0	0	0	0	0	0	0	0	0	0
126Q	0	0	0	0	0	0	0	0	0	0	0	0	0	0	0	0	0	0	0	0	0	0
127S	0	0	0	0	0	0	0	0	0	0	0	0	0	0	0	0	0	0	0	0	0	0
128G	0	0	0	4.8052E-06	0	0	0	0	0	0	0	0	0	0	0	0	0	0	0	0	0	0
129S	0	0	0	0	0	0	0	0	0	0	0	0	0	0	0	0	0	0	0	0	0	0
130Y	0	0	0	0	0	0	0	0	0	0	0	0	0	0	0	0	0	0	0	0	0	0
131S	0	0	0	0	0	0	0	0	0	0	0	0	0	0	0	0	0	0	0	0	0	0
132Q	0	0	0	0	0	0	0	0	0	0	0	0	0	0	0	0	0	0	0	0	0	0
133Q	0	0	0	0	0	0	0	0	0	0	0	0	0	0	0	0	0	0	0	0	0	0
134P	0	0	0	0	0	0	0	0	0	0	0	0	0	0	0	0	0	0	0	0	0	0
135S	0	0	0	0	0	0	0	0	0	0	0	0.000501456	0	0	0	0	0	0	0	0	0	0
136Y	0	0	0	0	4.80501E-06	0	0	0	0	0	0	0	0	0	0	0	0	0	0	0	0	0
137G	0	0	0	0	0	0	0	0	0	0	0	0	0	0	0	0	0	0	0	0	0	0
138G	0	0	0	0	0	0	0	0	0	0	0	0	0	0	0	0	0	0	0	0	0	0
139Q	0	0	0	0	0	0	0	0	0	0	0	0	0	0	0	0	0	0	0	0	0	0
140Q	0	0	0	0	0	0	0	0	0	0	0	0	0	0	0	0	0	0	0	0	0	0
141Q	0	0	0	0	0	0	0	0	0	0	0	0	0	0	0	0	0	0	0	0	0	0
142S	0	0	0	0	0	0	0	0	0	0	0	1.4415E-05	0	0	0	0	0	0	0	0	0	0
143Y	0	9.61021E-06	0	0	0	0	0	0	0	0	0	0	0	0	0	0	0	0	0	0	0	0
144G	0	0	0	0	0	0	0	0	0	0	0	0	0	0	0	0	0	0	0	0	8.16852E-05	4.80501E-06
145Q	0	0	0	0	0	0	0	0	0	0	0	0	0	0	0	0	0	0	0	0	8.16852E-05	4.80501E-06
146Q	0	0	0	0	0	0	0	0	0	0	0	0	0	0	4.80529E-06	0	0	0	0	0	8.16852E-05	4.80501E-06
147Q	0	0	0	0	0	0	0	0	0	0	0	0	0	0	0	0	0	0	0	0	8.16852E-05	4.80501E-06
148S	0	0	0	0	0	0	0	0	0	0	0	0	0	0	0	0	4.32443E-05	0	0	0	8.16852E-05	4.80501E-06
149Y	0	4.80497E-06	0	0	0	0	0	0	0	0	0	0	0	0	0	0	0	0	0	0	8.16852E-05	4.80501E-06
150N	0	0	0	0	0	0	0	0	0	0	0	0	0	0	0	0	0	0	0	0	0	0
151P	0	0	0	0	0	0	0	0	0	2.61639E-05	0	0	0	0	0	1	0	0	0	0	0	0
152P	0	0	0	0	0	0	0	0	0	9.61049E-06	0	0	0	0	0	8.72052E-06	0	0	0	0	0	0
153Q	0	0	0	0	0	4.80515E-06	0	0	0	0	0	0	0	0	0	0	0	0	0	0	0	0
154G	0	0	0	0	0	0	0	0	0	0	0	0	0	0	0	0	0	0	0	0	0	0
155Y	0	4.80524E-06	0	0	0	0	0	0	0	0	0	0	0	0	0	0	0	0	0	0	0	0
156G	0	0	0	0	0	0	0	0	0	0	0	0	0	0	0	0	0	0	0	0	0	0
157Q	0	0	0	0	0	0	0	0	0	0	0	0	0	0	0	0	0	0	0	0	0	0
158Q	0	0	0	0	0	0	0	0	0	0	0	0	0	0	0	0	0	0	0	0	0	0
159N	0	0	0	0	0	0	0	0	0	0	0	0	0	0	0	0	0	0	0	0	0	0
160Q	0	0	0	0	0	0	0	0	0	0	0	0	0	0	0	0	0	0	0	0	0	0
161Y	0	0	0	0	0	0	0	0	0	0	0	0	0	0	0	0	0	0	0	0	0	0
162N	0	0	0	0	0	0	3.48894E-05	0	0	0	0	0	0	0	0	0	0	0	0	0	0	0
163S	0	0	0	0	0	0	0	0	0	0	0	4.80589E-06	0	0	0	0	0	0	0	0	0	0
164S	0	0	0	0	0	0	0	0	0	0	0	0	0	0	0	0	0	0	0	0	0	0
165S	0	0	0	0	0	4.80598E-06	0	0	0	0	0	0	0	0	0	0	0	0	0	0	1.44175E-05	0
166G	0	0	0	0	0	0	0	0	0	0	0	0	0	0	0	0	0	0	0	0	9.61187E-06	0
167G	0	0	0	0	0	0	0	0	0	0	0	0	0	0	0	0	0	0	0	0	0	0
168G	0	0	0	0	0	0	0	0	0	0	0	0	0	0	0	0	0	0	0	0	0	0
169G	0	0	0	0	0	0	0	0	0	0	0	0	0	0	0	4.82966E-06	0	0	0	0	0	0
170G	0	0	0	0	0	0	0	0	0	0	0	0	0	0	0	0	0	0	0	0	0	0
171G	0	0	0	0	0	0	0	0	0	0	0	0	0	0	0	0	0	0	0	0	0	0
172G	0	0	0	0	0	0	0	0	0	0	0	0	0	0	0	0	0	0	0	0	0	0
173G	0	0	0	0	0	0	0	0	0	0	0	0	0	0	0	0	0	0	0	0	0	0
174G	0	0	0	0	0	0	0	0	0	0	0	0	0	0	0	0	0	0	0	0	0	0
175G	0	0	0	0	0	0	0	0	0	0	0	0	0	0	0	0	0	0	0	0	1	0
176N	0	0	0	0	0	0	0	0	4.85824E-06	0	0	0	0	0	0	0	0	0	0	0	0	0
177Y	0	2.64483E-05	0	0	0	0	4.85819E-06	0	0	0	0	0	0	0	0	0	0	0	0	0	0	0
178G	0	0	0	0	0	0	0	0	0	0	0	0	0	0	0	9.71638E-06	0	0	0	0	0	0
179Q	0	0	0	0	0	0	0	0	0	0	0	0	0	0	0	0	0	0	0	0	0	0
180D	0	0	0	0	0	0	0	0	0	0	0	0	0	0	0	0	0	0	0	0	0	0
181Q	0	0	0	0	0	0	0	0	0	0	0	0	0	0	0	0	0	0	0	0	0	0
182S	0	0	0	0	0	0	0	0	0	0	0	0	0	0	0	0	0	0	0	0	0	0
183S	0	0	0	0	0	0	0	0	0	0	0	0	0	0	0	0	0	0	0	0	0	0
184M	0	0	0	0	0	0	0	0	0	4.85706E-06	0	0	0	0	0	0	0	0	0	0	0	0
185S	0	0	0	0	0	0	0	0	0	0	0	0	0	0	4.85715E-06	0	0	0	0	0	0	0
186S	0	0	0	0	0	0	0	1.4571E-05	0	0	0	0	0	0	0	0	0	0	0	0	0	0
187G	0	0	0	0	0	0	0	0	0	0	0	0	0	0	0	9.71459E-06	0	0	0	0	0	0
188G	0	0	0	0	0	0	0	0	0	0	0	0	0	0	0	0	0	0	0	0	0	0
189G	0	0	0	0	0	0	0	0	0	0	0	0	0	0	0	0	0	0	0	0	0	0
190S	0	0	0	0	0	0	0	0	0	0	0	0	0	0	0	0	0	0	0	0	9.71459E-06	0
191G	0	0	0	0	0	0	0	0	0	0	0	0	0	0	0	0	0	0	0	0	9.71459E-06	0
192G	0	0	0	0	0	0	0	0	0	0	0	0	0	0	0	0	0	0	0	0	9.71459E-06	0
193G	0	4.86159E-06	0	0	0	0	0	0	0	0	0	0	0	0	0	0	0	0	0	0	0	0
194Y	0	0	0	0	0	0	0	0	0	0	0	0	0	0	0	0	0	0	0	0	0	0
195G	0	0	0	0	0	0	0	0	0	0	0	0	0	0	0	0	0	0	0	0	0	0
196N	0	0	0	0	0	0	0	0	0	0	0	0	0	0	0	0	0	0	0	0	0	0
197Q	0	0	0	0	0	0	0	0	0	0	0	0	0	0	0	0	0	0	0	0	0	0
198D	0	0	0	0	0	0	0	0	0	0	0	0	0	0	0	0	0	0	0	0	0	0
199Q	0	0	0	4.87814E-06	0	0	9.74773E-06	0	0	0	0	0	0	0	0	0	0	0	0	0	0	0
200S	0	0	0	0	0	0	0	0	0	0	0	0	0	0	0	0	0	0	0	0	0	0
201G	0	0	0	0	0	0	0	0	0	0	0	0	0	0	0	0	0	4.87505E-06	0	0	0	0
202G	0	0	0	0	0	0	0	0	0	0	0	0	0	0	0	0	0	0	0	0	0	0
203G	0	0	0	0	0	0	0	0	0	0	0	0	0	0	0	0	0	0	0	0	0	0
204G	0	0	9.76801E-06	0	0	0	0	0	0	0	0	0	0	0	0	0	0	0	0	0	0	0
205S	0	0	0	0	0	4.88998E-06	0	0	0	0	0	0	0	0	0	0	0	0	0	0	0	0
206G	0	0	4.8961E-06	0	0	0	0	0	0	0	0	0	0	0	0	7.34955E-05	0	0	0	0	0	0
207G	0	0	0	0	0	0	0	0	0	0	0	0	0	0	0	0	0	0	0	0	0	0
208Y	0	8.90884E-06	0	0	0	0	0	0	0	0	0	4.91599E-06	0	0	0	0	0	0	0	0	0	0
209G	0	0	0	0	0	0	0	0	0	0	0	0	0	0	0	0	0	0	0	0	0	0
210Q	0	0	0	0	0	0	3.12723E-05	0	0	0	0	0	0	0	0	0	0	0	0	0	0	0
211Q	0	0	0	0	0	0	0	0	0	0	0	0	0	0	0	0	0	0	0	0	0	0
212D	4.94271E-06	0	0	0	0	0	0	0	0	0	0	0	0	0	0	0	0	0	0	0	0	0
213R	0	2.24636E-05	0	0	0	0	0	0	0	0	0	0	4.72411E-05	0	0	0	0	0	0	0	0	0
214G	0	0	0	0	0	0	0	0	0	0	0	0	0	0	0	0	0	0	0	0	0	0
215G	0	0	0	0	0	0	0	0	0	0	0	0	0	0	0	0	0	0	0	0	0	0
216R	0	9.9963E-05	0	0	0	0	1.00044E-05	0	0	0	0	0	0	0	0	0	0	0	0	0	4.99905E-06	0
217G	0	0	0	0	0	0	0	0	0	0	0	0	0	0	0	4.08597E-05	0	0	0	0	4.99905E-06	0
218R	0	0	0	0	0	0	0	0	0	0	0	0	0	0	0	0	0	0	0	0	2.00265E-05	0
219G	0	0	0	0	0	0	0	0	0	0	0	0	0	0	0	0	0	0	0	0	1.50274E-05	0
220G	0	0	0	0	0	0	0	0	0	0	0	0	0	0	0	0	0	0	0	0	1.50274E-05	0
221S	0	0	0	0	0	0	0	1.01236E-05	0	0	0	0	0	0	0	0	5.0618E-06	0	0	0	3.69651E-05	1.35956E-05
222G	0	0	0	0	0	0	0	0	0	0	0	0	0	0	0	0	0	0	0	0	4.99815E-06	1.35956E-05
223G	0	0	0	0	0	0	0	0	0	0	0	0	0	0	0	0	0	0	0	0	4.99815E-06	1.35956E-05
224G	0	5.40079E-06	0	0	0	0	0	0	0	0	0	0	0	0	0	9.70007E-06	0	0	0	0	2.01724E-05	0
225G	0	0	0	0	0	0	0	0	0	0	0	0	0	0	0	1.89775E-05	0	0	0	0	2.01724E-05	0
226G	0	0	0	0	0	0	0	0	0	0	0	0	0	0	0	5.65334E-05	0	5.21474E-06	0	0	2.01724E-05	0
227G	0	0	0	0	0	0	0	0	0	0	0	0	0	0	0	1.56876E-05	0	0	0	0	1.51742E-05	0
228G	0	0	0	0	0	0	0	0	0	0	0	0	0	0	0	5.21654E-06	0	0	0	0	5.18903E-05	5.2292E-06
229G	0	0	0	0	0	0	0	0	0	0	0	0	0	0	0	0	0	0	0	0	0.000600046	0.000157309
230G	0	1.53946E-05	0	0	0	0	0	0	0	0	0	0	0	0	0	0	0	0	0	0	0.001106692	0.000237459
231G	0	0	0	0	0	0	0	0	0	0	0	0	0	0	0	0	0	0	0	0	0.001510712	0.002144485
232Y	0	0	0	0	0	0	0	0	0	0	0	0	0	0	0	0	0	0	0	0	0	0
233N	0	0	0	0	0	0	5.07717E-06	0	0	0	0	0	0	0	0	0	0	0	0	0	5.17856E-06	0
234R	0	1.01443E-05	0	0	0	0	1.52201E-05	0	0	1.01467E-05	0	0	0	0	0	0	0	0	0	0	5.17856E-06	0
235S	0	0	0	0	0	0	0	0	0	0	0	0	0	0	0	0	0	0	0	0	5.17856E-06	0
236S	0	0	0	0	0	0	0	0	0	0	0	0	0	0	0	0	0	0	0	0	5.17856E-06	0
237G	0	0	0	0	0	0	0	0	0	0	0	0	0	0	0	0	0	0	0	0	5.17856E-06	0
238G	0	0	0	0	0	0	0	0	0	0	0	0	0	0	0	0	0	0	0	0	5.17856E-06	0
239Y	0	2.50035E-05	0	0	0	0	0	0	0	0	0	0	0	0	0	0	0	0	0	0	5.17856E-06	0
240E	0	0	0	0	0	0	0	0	0	0	0	0	0	0	0	0	0	0	0	0	0	0
241P	0	0	0	0	0	0	0	0	0	0	0	0	0	0	0	0	0	0	0	0	0	0
242R	0	0	0	0	0	0	0	0	0	0	0	0	0	0	0	0	0	0	0	0	0	0
243G	0	0	0	0	0	0	0	0	0	0	0	0	0	0	0	0	0	0	0	0	0	0
244R	0	0	0	0	0	0	0	0	0	0	0	0	0	0	0	0	0	0	0	0	0	0
245G	0	0	0	0	0	0	0	0	0	0	0	0	0	0	0	0	0	0	0	0	0	0
246G	0	0	0	0	0	0	0	0	0	0	0	0	0	0	0	0	0	0	0	0	0	0
247G	0	0	0	0	0	0	0	0	0	0	0	0	0	0	0	0	0	0	0	0	0	4.48019E-05
248R	0	4.9845E-06	0	0	0	0	4.98157E-06	0	0	0	0	0	0	0	0	0	0	0	0	0	0	4.9847E-06
249G	0	0	0	0	0	0	0	0	0	0	0	0	0	0	0	0	0	0	0	0	0	4.9847E-06
250G	0	0	0	0	0	0	0	0	0	0	0	0	0	0	0	4.99181E-06	0	0	0	0	0	4.9847E-06
251R	0	0	0	0	0	0	0	0	0	0	0	0	0	0	0	0	0	0	0	0	0	0
252G	0	0	0	0	0	0	0	0	0	0	0	0	0	0	0	0	0	0	0	0	0	0
253G	0	0	0	0	0	0	0	0	0	0	0	0	0	0	0	0	0	5.03332E-06	0	0	0	0
254M	0	0	0	0	0	0	0	0	0	0	0	0	0	0	0	0	0	1.00768E-05	0	0	0	0
255G	0	0	0	0	0	0	0	0	0	0	0	0	0	0	0	0	0	0	0	0	0	0
256G	0	0	0	0	0	0	0	0	0	0	0	0	0	0	0	0	0	0	0	0	0	0
257S	0	4.80469E-06	0	0	0	0	0	0	0	0	0	0	0	0	0	0	0	0	0	0	0	0
258D	0	0	0	0	0	0	0	0	0	0	0	0	0	0	0	0	0	0	0	0	0	0
259R	0	0	0	0	0	0	0	0	0	0	0	0	0	0	0	0	0	0	0	0	0	0
260G	0	0	0	0	0	0	0	0	0	0	0	0	0	0	0	0	0	0	0	0	0	0
261G	4.80483E-06	0	0	0	0	0	0	0	0	0	0	0	0	0	0	0	0	0	0	0	0	0
262F	0	0	0	0	0	0	0	0	0	0	0	0	0	0	0	0	0	0	0	0	0	0
263N	0	0	0	0	0	0	0	0	0	0	0	0	0	0	0	2.17966E-05	0	0	0	0	0	0
264K	0	0	0	0	0	0	0	4.80478E-06	0	0	0	0	0	0	0	0	4.80478E-06	0	0	0	0	0
265F	0	0	0	0	0	0	0	0	0	0	0	0	0	0	0	9.60956E-06	0	0	0	0	0	0
266G	4.70146E-05	0	0	0	0	0	0	0	0	0	0	0	0	0	0	0	0	0	0	0	0	0
267G	0	0	0	0	0	0	0	0	0	0	0	0	0	0	0	0	0	0	0	0	0	0
371R	0	4.81979E-06	0	0	0	0	0	0	0	0	0	0	0	0	0	0	0	0	0	0	0	0
372R	0	0	0	0	0	0	0	0	0	0	0	0	0	0	0	0	0	0	0	0	0	0
373A	0	0	0	0	0	0	0	0	0	0	0	0	0	0	0	0	0	0	0	0	0	0
374D	0	0	0	4.81464E-06	0	0	0	0	0	0	0	0	0	0	0	0	0	0	0	0	0	0
375F	0	0	0	0	0	0	0	0	0	0	0	0	0	0	0	0	0	0	0	0	0	0
376N	0	0	0	0	0	0	0	0	0	0	0	0	0	0	0	0	0	0	0	0	0	0
377R	0	0	0	0	0	0	0	0	0	0	0	0	0	4.70411E-05	0	0	0	0	1.44523E-05	0	0	0
378G	4.80834E-06	0	0	0	0	0	0	0	0	0	0	0	0	0	0	0	0	0	0	0	0	0
379G	0	0	0	0	0	0	0	0	0	0	0	0	0	0	0	4.80899E-06	0	0	0	0	0	0
380G	0	0	0	0	0	0	0	0	0	0	0	0	0	0	0	4.80899E-06	0	0	0	0	0	0
381N	0	0	0	0	0	0	0	0	0	0	0	0	0	0	0	0	0	0	0	0	0	0
382G	0	0	0	0	0	0	0	0	0	0	0	0	0	0	0	0	0	0	0	0	0	0
383R	0	4.81065E-06	0	0	0	0	2.18078E-05	0	0	0	0	0	4.80737E-06	0	0	0	0	0	0	0	0	0
384G	0	0	0	0	0	0	0	0	0	0	0	0	0	0	0	0	0	0	0	0	0	0
385G	0	0	0	0	0	0	0	0	0	0	0	0	0	0	0	0	0	0	0	0	0	0
386R	0	0	0	0	0	0	0	0	0	0	0	0	0	1.44214E-05	0	0	0	0	0	0	0	0
387G	0	0	0	0	0	0	0	0	0	0	0	0	0	0	0	0	0	0	0	0	0	0
388R	0	0	0	0	0	0	0	0	0	0	0	0	0	9.61307E-06	0	0	0	0	0	0	0	0
389G	0	0	0	0	0	0	0	0	0	0	0	0	0	0	0	0	0	0	0	0	0	0
390G	0	0	0	0	0	0	0	0	0	0	0	0	0	0	0	0	0	0	0	0	0	0
391P	5.81683E-05	0	0	0	0	0	0	0	0	0	0	0	0	0	0	0	0	0	0	0	0	0
392M	0	0	0	0	0	0	0	6.59503E-05	0	0	0	0	0	0	0	0	4.84853E-06	9.69556E-06	0	0	0	0
393G	0	0	0	0	0	0	0	0	0	0	0	0	0	0	0	0	0	0	0	0	0	0
394R	0	0	0	0	0	0	0	0	0	0	0	0	0	0	0	0	0	0	0	0	0	0
395G	0	0	0	0	0	0	0	0	0	0	0	0	0	0	0	0	0	0	0	0	0	0
396G	0	0	0	0	0	0	0	0	0	0	0	0	0	0	0	4.85201E-06	0	0	0	0	0	0
397Y	0	1.4558E-05	4.70854E-05	0	0	0	0	0	0	0	0	0	0	0	0	0	0	0	0	0	0	0
398G	0	0	0	0	0	0	0	0	0	0	0	0	0	0	0	0	0	0	0	0	0	0
399G	0	0	0	0	0	0	0	0	0	0	0	0	0	0	0	0	0	0	0	0	0	0
400G	0	0	0	0	0	0	0	0	0	0	0	0	0	0	0	0	0	0	0	0	0	0
401G	0	0	0	0	0	0	0	0	0	0	0	0	0	0	0	0	0	0	0	0	0	0
402S	0	0	0	0	0	4.85418E-06	0	0	0	0	0	0	0	0	4.85E-06	0	0	0	0	0	0	4.85206E-06
403G	0	0	0	0	0	0	0	0	0	0	0	0	0	0	0	0	0	0	0	0	0	4.85206E-06
404G	0	0	0	0	0	0	0	0	0	0	0	0	0	0	0	0	0	0	0	0	0	4.85206E-06
405G	0	0	0	0	0	0	0	0	0	0	0	0	0	0	0	0	0	0	0	0	0	0
406G	0	0	0	0	0	0	0	0	0	0	0	0	0	0	0	0	0	0	0	0	0	0
407R	0	0	0	0	0	0	0	0	0	0	0	0	0	0	0	0	0	0	0	0	0	0
408G	0	0	0	0	0	0	0	0	0	0	0	0	0	0	0	0	0	0	0	0	0	0
409G	0	0	0	0	0	0	0	0	0	0	0	0	0	0	4.85371E-06	0	0	0	0	0	0	0
410F	0	0	0	0	0	0	0	0	0	0	0	0	0	0	0	0	0	0	0	0	0	0
411P	0	0	0	0	0	0	0	0	0	0	0	0	0	0	0	1.4563E-05	0	0	0	0	0	0
412S	0	0	0	0	0	0	0	0	0	0	0	0	0	0	0	0	0	0	0	0	0	0
413G	0	0	0	0	0	0	0	0	0	0	0	0	0	0	0	0	0	1.45623E-05	0	0	0	0
414G	0	0	0	0	0	0	0	0	0	0	0	0	0	0	0	0	0	0	0	0	0	0
415G	0	0	0	0	0	0	0	0	0	0	0	0	0	0	0	0	0	0	0	0	0	0
416G	0	0	0	0	0	0	0	0	0	0	0	0	0	0	0	0	0	0	0	0	0	0
417G	0	4.85427E-06	0	0	0	0	0	0	0	0	0	0	0	0	0	1.45628E-05	0	0	0	0	0	0
418G	0	0	0	0	0	0	0	0	0	0	0	0	0	0	4.85451E-06	0	0	0	0	0	0	0
419G	0	0	0	0	0	0	0	0	0	0	0	0	0	0	0	0	0	0	0	0	0	0
420Q	0	0	0	0	0	0	0	0	0	0	0	0	0	0	0	0	0	0	0	0	0	0
421Q	0	0	0	0	0	0	0	0	0	0	0	0	0	0	0	0	0	0	0	0	0	0
422R	0	0	0	0	0	0	0	0	0	0	0	0	0	0	0	0	0	0	0	0	0	0
453D	0	0	0	0	0	0	0	0	0	0	0	0	0	0	0	0	0	0	0	0	0	0
454G	0	0	0	0	0	0	0	0	0	0	0	0	0	0	0	0	0	0	0	0	0	0
455P	0	0	0	0	0	0	0	0	0	0	0	0	0	0	0	0	0	0	0	0	0	0
456G	0	0	0	0	0	0	0	0	0	0	0	0	0	0	0	0	0	0	0	0	0	0
457G	0	0	0	0	0	0	0	0	0	0	0	0	0	0	0	0	0	0	0	0	0	0
458G	0	0	0	0	0	0	0	0	0	0	0	0	0	0	4.81047E-06	0	0	0	0	0	0	9.62168E-06
459P	0	0	0	0	0	0	0	0	0	4.81075E-06	0	0	0	0	0	0	0	0	0	0	0	0
460G	0	0	0	0	0	0	0	0	0	0	0	0	0	0	0	0	0	0	0	0	0	0
461G	0	0	0	0	0	0	0	0	0	0	0	0	0	0	0	0	0	0	0	0	0	0
462S	0	0	0	0	9.62445E-06	0	0	0	0	0	0	0	4.81209E-06	0	0	0	0	0	0	0	0	0
463H	0	0	0	0	0	0	0	0	0	0	0	0	0	1.92534E-05	0	0	0	0	0	0	0	0
464M	0	0	0	0	0	0	0	0	0	0	0	0	0	0	0	0	0	4.81408E-06	0	0	0	0
465G	4.82709E-06	0	0	3.37897E-05	0	0	0	0	0	0	0	0	0	0	0	0	0	0	0	0	0	0
466G	0	0	0	0	0	0	0	0	0	0	0	0	0	0	0	3.50275E-05	0	0	0	0	0	0
467N	0	0	0	0	0	0	0	0	0	0	0	0	0	0	0	4.82891E-06	0	0	0	0	0	0
468Y	0	0	0	0	0	0	4.82258E-06	0	0	0	0	0	0	0	0	0	0	0	0	0	0	0
469G	0	0	0	0	0	0	0	0	0	0	0	0	0	0	0	0	0	0	0	0	0	0
470D	0	0	0	0	0	0	0	0	0	0	0	0	0	0	0	0	0	0	0	0	0	0
471D	0	0	0	0	0	0	0	0	0	0	0	0	0	0	0	0	0	0	0	0	0	0
472R	0	4.8249E-06	0	0	0	0	0	0	0	0	0	0	0	0	0	0	0	0	0	0	0	0
473R	0	0	0	0	0	0	0	0	0	0	0	0	4.82197E-06	0	0	0	0	0	0	0	0	0
474G	0	0	0	0	0	0	0	0	0	0	0	0	0	0	0	2.89338E-05	0	4.70588E-05	0	0	0	0
475G	0	0	0	0	0	0	0	0	0	0	0	0	0	0	0	0	0	0	0	0	0	0
476R	0	0	0	0	0	0	0	0	0	0	0	0	0	0	0	0	0	0	0	0	0	0
477G	0	0	0	0	0	0	0	0	0	0	0	0	0	0	0	0	0	0	0	0	0	0
478G	0	0	0	0	0	0	0	0	0	0	0	0	0	0	0	0	0	0	0	0	0	4.82248E-06
479Y	0	0	0	0	0	0	0	0	0	0	0	0	0	0	0	0	0	0	0	0	0	0
480D	0	0	0	0	0	0	0	0	0	0	0	0	0	0	0	0	0	0	0	0	0	0
481R	0	0	0	0	0	0	0	0	0	0	0	0	0	1.44887E-05	0	0	0	0	0	0	0	0
482G	0	0	0	0	0	0	0	0	0	0	0	0	0	0	0	0	0	0	0	0	0	0
483G	0	0	0	0	0	0	0	0	0	0	0	0	0	0	0	4.83498E-06	0	0	0	0	0	0
484Y	0	0	0	0	0	0	0	0	0	0	0	0	0	0	0	0	0	0	0	0	0	0
485R	0	0	0	0	0	0	0	0	0	0	0	0	0	4.84004E-06	0	0	0	0	0.000153689	0	0	0
486G	0	0	0	0	0	0	0	0	0	0	0	0	0	0	0	0	0	0	0	0	0	0
487R	0	4.84567E-06	0	0	0	0	9.68823E-06	0	0	0	0	0	0	0	0	0	0	0	0	0	0	0
488G	0	0	0	0	0	0	0	0	0	0	0	0	0	0	0	9.69857E-06	0	0	0	0	0	0
489G	0	0	0	0	0	0	0	0	0	0	0	0	0	0	0	0	0	0	0	0	0	0
490D	0	0	0	0	0	0	0	0	0	0	0	0	0	0	0	0	0	0	0	0	0	0
491R	0	3.96043E-05	0	0	0	0	4.85286E-06	0	0	0	0	0	0	0	0	0	0	0	0	0	0	0
492G	0	0	0	0	0	0	0	0	0	0	0	0	0	0	0	0	0	0	0	0	0	0
493G	0	0	0	0	0	0	0	0	0	0	0	0	0	0	0	0	0	0	0	0	0	0
494F	0	0	0	0	0	0	0	0	0	0	0	0	0	0	0	0	0	0	0	0	0	0
495R	0	0	0	0	0	0	0	0	0	0	0	0	0	0	0	0	0	0	0	0	0	0
496G	0	0	0	0	0	0	0	0	0	0	0	0	0	0	0	0	0	0	0	0	0	0
497G	0	0	0	0	0	0	0	0	0	0	0	0	0	0	0	0	0	9.74972E-06	0	0	0	0
498R	0	0	0	0	0	0	0	0	0	0	0	0	0	8.84416E-06	0	0	0	0	4.87829E-06	0	0	0
499G	0	0	0	0	0	0	0	0	0	0	0	0	0	0	0	0	0	0	0	0	0	0
500G	0	1.95246E-05	0	0	0	0	0	0	0	0	0	0	0	0	0	0	0	0	0	0	0	0
501G	0	0	0	0	0	0	0	0	0	0	0	0	0	0	4.88234E-06	0	0	0	0	0	0	4.7353E-05
