NULL	A	C	D	E	F	G	H	I	K	L	M	N	P	Q	R	S	T	V	W	Y	DEL	DUP
1M	0	0	0	0	0	0	0	0	0	0	0	0	0	0	0	0	0	0	0	0	0	0
2A	0	0	0	0	0	0	0	0	0	0	0	0	0	0	0	0	0	0	0	0	0	0
3S	0	0	0	0	0	0	0	0	0	0	0	0	0	0	0	0	0	0	0	0	0	0
4N	0	0	0	0	0	0	0	0	0	0	0	0	0	0	0	0	0	0	0	0	0	0
5D	0	0	0	0	0	7.96E-06	0	0	0	0	0	0	0	0	0	0	0	0	0	0	0	0
6Y	0	0	0	0	0	0	0	0	0	0	0	0	0	0	0	0	0	0	0	0	0	0
7T	3.98E-06	0	0	0	0	0	0	0	0	0	0	0	0	0	0	7.07E-06	0	0	0	0	0	0
8Q	0	0	0	0	0	0	0	0	0	0	0	0	0	0	0	0	0	0	0	0	0	0
9Q	0	0	0	0	0	0	0	0	0	0	0	0	0	0	0	0	0	0	0	0	0	0
10A	0	0	0	0	0	0	0	0	0	0	0	0	0	0	0	0	0	0	0	0	0	0
11T	7.07E-06	0	0	0	0	0	0	0	0	0	0	0	0	0	0	0	0	0	0	0	0	0
12Q	0	0	0	0	0	0	0	0	0	0	0	0	0	0	0	0	0	0	0	0	0	0
13S	0	0	0	0	0	0	0	0	0	0	0	0	0	0	0	0	0	0	0	0	0	0
14Y	0	3.98E-06	0	0	0	0	0	0	0	0	0	0	0	0	0	0	0	0	0	0	0	0
15G	0	0	0	0	0	0	0	0	0	0	0	0	0	0	0	0	0	0	0	0	0	0
16A	0	0	0	0	0	0	0	0	0	0	0	0	0	0	0	0	0	0.000120215	0	0	0	0
17Y	0	0	0	0	0	0	0	0	0	0	0	0	0	0	0	3.98E-06	0	0	0	0	0	0
18P	0	0	0	0	0	0	0	0	0	0	0	0	0	0	0	3.54E-05	0.000120214	0	0	0	0	0
19T	0	0	0	0	0	0	0	0	0	0	0	0	3.19E-05	0	0	3.98E-06	0	0	0	0	0	0
20Q	0	0	0	0	0	0	0	0	0	0	0	0	0	0	0	0	0	0	0	0	0	0
21P	0	0	0	0	0	0	0	0	0	3.98E-06	0	0	0	0	0	0	3.98E-06	0	0	0	0	0
22G	0	0	0	0	0	0	0	0	0	0	0	0	0	0	3.98E-06	0	0	0	0	0	0	0
23Q	0	0	0	0	0	0	0	0	0	0	0	0	0	0	0	0	0	0	0	0	0	0
24G	0	0	0	0	0	0	0	0	0	0	0	0	0	0	0	0	0	0	0	0	0	0
25Y	0	1.19E-05	0	0	0	0	0	0	0	0	0	0	0	0	0	7.95E-06	0	0	0	0	0	0
26S	0	0	0	0	0	0	0	0	0	0	0	0	0	0	0	0	0	0	0	0	0	0
27Q	0	0	0	0	0	0	0	0	0	0	0	0	0	0	0	0	0	0	0	0	0	0
28Q	0	0	0	0	0	0	0	0	0	0	0	0	0	0	0	0	0	0	0	0	0	0
29S	0	0	0	0	0	0	0	0	0	0	0	0	0	0	0	0	0	0	0	0	0	0
30S	0	0	0	0	0	0	0	0	0	0	0	0	0	0	0	0	0	0	0	0	0	0
31Q	0	0	0	0	0	0	0	0	0	0	0	0	0	0	0	0	0	0	0	0	0	0
32P	0	0	0	0	0	0	0	0	0	0	0	0	0	0	0	0	0	0	0	0	0	0
33Y	0	0	0	0	0	0	0	0	0	0	0	0	0	0	0	0	0	0	0	0	0	0
34G	0	0	0	3.18E-05	0	0	0	0	0	0	0	0	0	0	0	0	0	0	0	0	0	0
35Q	0	0	0	0	0	0	0	0	0	0	0	0	0	0	0	0	0	0	0	0	0	0
36Q	0	0	0	0	0	0	7.95E-06	0	0	0	0	0	0	0	0	0	0	0	0	0	0	0
37S	0	0	0	0	0	0	0	0	0	0	0	0	0	0	0	0	0	0	0	0	0	0
38Y	0	0	0	0	0	0	0	0	0	0	0	0	0	0	0	0	0	0	0	0	0	0
39S	0	0	0	0	0	0	0	0	0	0	0	0	0	0	0	0	0	0	0	0	0	0
40G	8.84E-05	0	0	0	0	0	0	0	0	0	0	0	0	0	0	0	0	0	0	0	0	0
41Y	0	0	0	0	0	0	0	0	0	0	0	0	0	0	0	0	0	0	0	0	0	0
42S	0	0	0	0	0	0	0	0	0	0	0	0	0	0	0	0	0	0	0	0	0	0
43Q	0	0	0	0	0	0	0	0	0	0	0	0	0	0	0	0	0	0	0	0	0	0
44S	0	0	0	0	0	0	0	0	0	0	0	0	0	0	0	0	0	0	0	0	0	0
45T	0	0	0	0	0	0	0	0	0	0	3.98E-06	0	0	0	0	0	0	0	0	0	0	0
46D	0	0	0	3.98E-06	0	0	0	0	0	0	0	0	0	0	0	0	0	0	0	0	0	0
47T	0	0	0	0	0	0	0	0	0	0	0	0	0	0	0	3.98E-06	0	0	0	0	0	0
48S	0	0	0	0	0	0	0	0	0	0	0	0	0	0	0	0	0	0	0	0	0	0
49G	0	0	0	0	0	0	0	0	0	0	0	0	0	0	0	0	0	0	0	0	0	0
50Y	0	3.18E-05	0	0	0	0	0	0	0	0	0	0	0	0	0	0	0	0	0	0	0	0
51G	0	0	3.98E-06	0	0	0	0	0	0	0	0	0	0	0	0	0	0	0	0	0	0	0
52Q	0	0	0	0	0	0	0	0	0	0	0	0	0	0	0	0	0	0	0	0	0	0
53S	0	0	0	0	0	0	0	0	0	0	0	0	0	0	0	0	0	0	0	0	0	0
54S	0	0	0	0	0	0	0	0	0	0	0	1.19E-05	0	0	0	0	0	0	0	0	0	0
55Y	0	0	0	0	0	0	0	0	0	0	0	0	0	0	0	0	0	0	0	0	0	0
56S	0	0	0	0	3.98E-06	0	0	0	0	0	0	0	0	0	0	0	0	0	0	0	0	0
57S	0	0	0	0	0	0	0	0	0	0	0	0	0	0	0	0	0	0	0	0	0.000173201	0
58Y	0	0	0	0	0	0	0	0	0	0	0	0	0	0	0	0	0	0	0	0	0	0
59G	0	0	0	0	0	0	0	0	0	0	0	0	0	0	0	0	0	0	0	0	0	0
60Q	0	0	0	0	0	0	0	0	0	0	0	0	0	0	0	0	0	0	0	0	0	0
61S	0	0	0	0	0	3.98E-06	0	0	0	0	0	7.95E-06	0	0	0	0	0	0	0	0	0	0
62Q	0	0	0	0	0	0	0	0	0	0	0	0	0	0	0	0	0	0	0	0	0	0
63N	0	0	0	0	0	0	0	0	0	0	0	0	0	0	0	0.000250974	0	0	0	0	0	0
64T	0	0	0	0	0	0	0	0	0	0	0	0	0	0	0	0	0	0	0	0	0	0
65G	0	0	0	0	0	0	0	0	0	0	0	0	0	0	0	0	0	0	0	0	0	0
66Y	0	0	0	0	0	0	0	0	0	0	0	0	0	0	0	0	0	0	0	0	0	0
67G	0	0	0	0	0	0	0	0	0	0	0	0	0	0	0	0	0	0	0	0	0	0
68T	0	0	0	0	0	0	0	0	0	0	0	0	0	0	0	3.98E-06	0	0	0	0	0	0
69Q	0	0	0	0	0	0	0	0	0	0	0	0	0	0	0	0	0	0	0	0	0	0
70S	0	0	0	0	0	0	0	0	0	0	0	0	0	0	0	0	0	0	0	0	0	0
71T	1.59E-05	0	0	0	0	0	0	3.19E-05	0	0	0	0	0	0	0	0	0	0	0	0	0	0
72P	3.19E-05	0	0	0	0	0	0	0	0	0	0	0	0	0	0	0	3.98E-06	0	0	0	0	0
73Q	0	0	0	3.98E-06	0	0	7.95E-06	0	0	0	0	0	0	0	0	0	0	0	0	0	0	0
74G	3.19E-05	0	0	0	0	0	0	0	0	0	0	0	0	0	0	0	0	0	0	0	0	0
75Y	0	0	0	0	0	0	0	0	0	0	0	0	0	0	0	0	0	0	0	0	0	0
76G	0	0	0	0	0	0	0	0	0	0	0	0	0	0	0	0	0	0	0	0	0	0
77S	0	0	0	0	0	0	0	0	0	1.41E-05	0	0	0	0	0	0	0	0	0	0	0	0
78T	0	0	0	0	0	0	0	0	0	0	0	0	0	0	0	0	0	0	0	0	0	0
79G	0	0	0	0	0	0	0	0	0	0	0	0	0	0	0	0	0	0	0	0	0	0
80G	0	0	0	0	0	0	0	0	0	0	0	0	0	0	0	3.54E-05	0	0	0	0	0	0
81Y	0	0	0	0	0	0	3.98E-06	0	0	0	0	0	0	0	0	0	0	0	0	0	0	0
82G	0	0	0	0	0	0	0	0	0	0	0	0	0	0	0	0	0	0	0	0	0	0
83S	0	0	0	0	0	0	0	0	0	0	0	0	0	0	0	0	0	0	0	0	0	0
84S	0	0	0	0	0	0	0	0	0	0	0	0	0	0	0	0	0	0	0	0	3.97763E-06	0
85Q	0	0	0	0	0	0	0	0	0	0	0	0	0	0	0	0	0	0	0	0	0	0
86S	0	0	0	0	0	0	0	0	0	0	0	0	0	0	0	0	0	0	0	0	0	0
87S	0	0	0	0	0	0	0	0	0	0	0	0	0	0	0	0	0	0	0	0	0	0
88Q	0	0	0	0	0	0	0	0	0	0	0	0	0	0	0	0	0	0	0	0	0	0
89S	0	0	0	0	0	0	0	0	0	0	0	0	0	0	0	0	1.59E-05	0	0	0	0	0
90S	0	0	0	0	0	0	0	0	0	0	0	0	0	0	0	0	0	0	0	0	0	0
91Y	0	0	0	0	0	0	0	0	0	0	0	0	0	0	0	0	0	0	0	0	0	0
92G	0	0	0	0	0	0	0	0	0	0	0	0	0	0	7.95E-06	0	0	0	0	0	0	0
93Q	0	0	0	0	0	0	0	0	0	0	0	0	0	0	0	0	0	0	0	0	0	0
94Q	0	0	0	0	0	0	0	0	0	0	0	0	0	0	0	0	0	0	0	0	0	0
95S	0	0	0	0	3.98E-06	0	0	0	0	0	0	0	0	0	0	0	0	0	0	0	0	0
96S	0	0	0	0	0	0	0	0	0	0	0	0	0	0	0	0	0	0	0	0	4.77202E-05	0
97Y	0	0	0	0	0	0	0	0	0	0	0	0	0	0	0	0	0	0	0	0	0	0
98P	0	0	0	0	0	0	0	0	0	3.98E-06	0	0	0	0	0	3.98E-06	3.98E-06	0	0	0	0	0
99G	0	0	1.19E-05	0	0	0	0	0	0	0	0	0	0	0	0	0	0	0	0	0	0	0
100Y	0	0	0	0	0	0	0	0	0	0	0	0	0	0	0	0	0	0	0	0	0	0
101G	0	0	0	0	0	0	0	0	0	0	0	0	0	0	0	0	0	0	0	0	0	0
102Q	0	0	0	0	0	0	0	0	0	0	0	0	0	0	0	0	0	0	0	0	0	0
103Q	0	0	0	0	0	0	3.98E-06	0	0	0	0	0	0	0	0	0	0	0	0	0	0	0
104P	0	0	0	0	0	0	0	0	0	0	0	0	0	0	0	0	0	0	0	0	0	0
105A	0	0	0	0	0	0	0	0	0	0	0	0	0	0	0	0	0	3.98E-06	0	0	0	0
106P	0	0	0	0	0	0	0	0	0	1.77E-05	0	0	0	0	0	0	0	0	0	0	0	0
107S	0	0	0	0	0	0	0	0	0	0	0	0	0	0	0	0	0	0	0	0	0	0
108S	0	0	0	0	0	0	0	0	0	0	0	0	0	0	0	0	0	0	0	0	0	0
109T	1.41E-05	0	0	0	0	0	0	0	0	0	0	0	0	0	0	0	0	0	0	0	0	0
110S	0	0	0	0	0	0	0	0	0	1.19E-05	0	0	0	0	0	0	0	0	0	0	0	0
111G	0	0	0	3.98E-06	0	0	0	0	0	0	0	0	0	0	0	0	0	0	0	0	0	0
112S	0	0	0	0	0	0	0	0	0	0	0	0	0	0	0	0	0	0	0	0	0	0
113Y	0	0	0	0	0	0	0	0	0	0	0	0	0	0	0	0	0	0	0	0	0	0
114G	0	3.98E-06	0	0	0	0	0	0	0	0	0	0	0	0	0	3.98E-06	0	0	0	0	0	0
115S	0	0	0	0	0	0	0	0	0	0	0	3.98E-06	0	0	0	0	0	0	0	0	0	0
116S	0	0	0	0	0	0	0	0	0	0	0	0	0	0	0	0	0	0	0	0	0	0
117S	0	0	0	0	0	0	0	0	0	0	0	0	0	0	0	0	0	0	0	0	0	0
118Q	0	0	0	0	0	0	0	0	0	0	0	0	0	0	0	0	0	0	0	0	0	0
119S	0	3.98E-06	0	0	0	0	0	0	0	0	0	0	0	0	0	0	0	0	0	0	0	0
120S	0	0	0	0	0	0	0	0	0	0	0	0	0	0	0	0	0	0	0	0	0	0
121S	0	0	0	0	0	6.36E-05	0	0	0	0	0	3.98E-06	0	0	0	0	0	0	0	0	0	0
122Y	0	0	0	0	0	0	0	0	0	0	0	0	0	0	0	0	0	0	0	0	0	0
123G	0	0	0	0	0	0	0	0	0	0	0	0	0	0	0	0	0	0	0	0	0	0
124Q	0	0	0	0	0	0	0	0	0	0	0	0	0	0	0	0	0	0	0	0	0	0
125P	0	0	0	0	0	0	0	0	0	0	0	0	0	0	0	0	0	0	0	0	0	0
126Q	0	0	0	0	0	0	0	0	0	0	0	0	0	0	0	0	0	0	0	0	0	0
127S	0	0	0	0	0	0	0	0	0	0	0	0	0	0	0	0	0	0	0	0	0	0
128G	0	0	0	3.98E-06	0	0	0	0	0	0	0	0	0	0	0	0	0	0	0	0	0	0
129S	0	0	0	0	0	0	0	0	0	0	0	0	0	0	0	0	0	0	0	0	0	0
130Y	0	0	0	0	0	0	0	0	0	0	0	0	0	0	0	0	0	0	0	0	0	0
131S	0	0	0	0	0	0	0	0	0	0	0	0	0	0	0	0	0	0	0	0	0	0
132Q	0	0	0	0	0	0	0	0	0	0	0	0	0	0	0	0	0	0	0	0	0	0
133Q	0	0	0	0	0	0	0	0	0	0	0	0	0	0	0	0	0	0	0	0	0	0
134P	0	0	0	0	0	0	0	0	0	0	0	0	0	0	0	0	0	0	0	0	0	0
135S	0	0	0	0	0	3.19E-05	0	0	0	0	0	0.000495007	0	0	0	0	0	0	0	0	0	0
136Y	0	0	0	0	3.98E-06	0	0	0	0	0	0	0	0	0	0	0	0	0	0	0	0	0
137G	0	0	0	0	0	0	0	0	0	0	0	0	0	0	0	3.98E-06	0	0	0	0	0	0
138G	0	0	0	0	0	0	0	0	0	0	0	0	0	0	0	0	0	0	0	0	0	0
139Q	0	0	0	0	0	0	0	0	0	0	0	0	0	0	0	0	0	0	0	0	0	0
140Q	0	0	0	0	0	0	0	0	0	0	0	0	0	0	0	0	0	0	0	0	0	0
141Q	0	0	0	0	0	0	0	0	0	0	0	0	0	0	0	0	0	0	0	0	0	0
142S	0	0	0	0	0	0	0	0	0	0	0	1.19E-05	0	0	0	0	0	0	0	0	0	0
143Y	0	7.95E-06	0	0	0	0	0	0	0	0	0	0	0	0	0	0	0	0	0	0	0	0
144G	0	0	0	0	0	0	0	0	0	0	0	0	0	0	0	0	0	0	0	0	7.95305E-05	3.97652E-06
145Q	0	0	0	0	0	0	0	0	0	0	0	0	0	0	0	0	0	0	0	0	7.95305E-05	3.97652E-06
146Q	0	0	0	0	0	0	0	0	0	0	0	0	0	0	3.98E-06	0	0	0	0	0	7.95305E-05	3.97652E-06
147Q	0	0	0	0	0	0	0	0	0	0	0	0	0	0	0	0	0	0	0	0	7.95305E-05	3.97652E-06
148S	0	0	0	0	0	0	0	0	0	0	0	0	0	0	0	0	3.98E-05	0	0	0	7.95305E-05	3.97652E-06
149Y	0	3.98E-06	0	0	0	0	0	0	0	0	0	0	0	0	0	0	0	0	0	0	7.95305E-05	3.97652E-06
150N	0	0	0	0	0	0	0	0	0	0	0	0	0	0	0	0	0	0	0	0	0	0
151P	0	0	0	0	0	0	0	0	0	2.12E-05	0	0	0	0	0	3.98E-06	0	0	0	0	0	0
152P	0	0	0	0	0	0	0	0	0	1.59E-05	0	0	0	0	0	7.07E-06	0	0	0	0	0	0
153Q	0	0	0	7.95E-06	0	0	0	0	0	0	0	0	0	0	0	0	0	0	0	0	0	0
154G	0	0	0	0	0	0	0	0	0	0	0	0	0	0	0	0	0	0	0	0	0	0
155Y	0	3.98E-06	0	0	0	0	0	0	0	0	0	0	0	0	0	0	0	0	0	0	0	0
156G	0	0	0	0	0	0	0	0	0	0	0	0	0	0	0	0	0	0	0	0	0	0
157Q	0	0	0	0	0	0	0	0	0	3.19E-05	0	0	0	0	0	0	0	0	0	0	0	0
158Q	0	0	0	0	0	0	0	0	0	0	0	0	0	0	0	0	0	0	0	0	0	0
159N	0	0	0	0	0	0	0	0	0	0	0	0	0	0	0	0	0	0	0	0	0	0
160Q	0	0	0	0	0	0	0	0	0	0	0	0	0	0	0	0	0	0	0	0	0	0
161Y	0	3.98E-06	0	0	0	0	0	0	0	0	0	0	0	0	0	0	0	0	0	0	0	0
162N	0	0	0	0	0	0	4.60E-05	0	0	0	0	0	0	0	0	0	0	0	0	0	0	0
163S	0	0	0	0	0	0	0	0	0	0	0	0	0	0	0	0	0	0	0	0	0	0
164S	0	0	0	0	0	0	0	0	0	0	0	0	0	0	0	0	0	0	0	0	0	0
165S	0	0	0	0	0	3.98E-06	0	0	0	0	0	0	0	0	0	0	0	0	0	0	1.59088E-05	0
166G	0	0	0	0	0	0	0	0	0	0	0	0	0	0	0	0	0	0	0	0	1.19318E-05	0
167G	0	0	0	0	0	0	0	0	0	0	0	0	0	0	0	0	0	0	0	0	0	0
168G	0	0	0	0	0	0	0	0	0	0	0	0	0	0	0	0	0	0	0	0	0	0
169G	0	0	0	0	0	0	0	0	0	0	0	0	0	0	0	4.00E-06	0	0	0	0	0	0
170G	0	0	0	0	0	0	0	0	0	0	0	0	0	0	0	0	0	0	0	0	0	0
171G	0	0	0	0	0	0	0	0	0	0	0	0	0	0	0	3.20E-05	0	0	0	0	0	0
172G	0	0	0	0	0	0	0	0	0	0	0	0	0	0	0	0	0	0	0	0	0	0
173G	0	0	0	0	0	0	0	0	0	0	0	0	0	0	0	0	0	0	0	0	0	0
174G	0	0	0	0	0	0	0	0	0	0	0	0	0	0	0	0	0	0	0	0	0	0
175G	0	0	0	0	0	0	0	0	0	0	0	0	0	0	0	0	0	0	0	0	3.19795E-05	0
176N	0	0	0	0	0	0	0	0	4.02E-06	0	0	0	0	0	0	0	0	0	0	0	0	0
177Y	0	2.50E-05	0	0	0	0	4.02E-06	0	0	0	0	0	0	0	0	0	0	0	0	0	0	0
178G	0	0	0	0	0	0	0	0	0	0	0	0	0	0	0	1.07E-05	0	0	0	0	0	0
179Q	0	0	0	0	0	0	0	0	0	0	0	0	0	0	0	0	0	0	0	0	0	0
180D	0	0	0	0	0	0	0	0	0	0	0	0	0	0	0	0	0	0	0	0	0	0
181Q	0	0	0	0	0	0	0	0	0	0	0	0	0	0	0	0	0	0	0	0	0	0
182S	0	0	0	0	0	0	0	0	0	0	0	0	0	0	0	0	0	0	0	0	0	0
183S	0	0	0	0	0	0	0	0	0	0	0	0	0	0	0	0	0	0	0	0	0	0
184M	0	0	0	0	0	0	0	0	0	4.02E-06	0	0	0	0	0	0	0	0	0	0	0	0
185S	0	0	0	0	0	0	0	0	0	0	0	0	0	0	4.02E-06	0	0	0	0	0	0	0
186S	0	0	0	0	0	0	0	1.20E-05	0	0	0	0	0	0	0	0	0	0	0	0	0	0
187G	0	3.20E-05	0	0	0	0	0	0	0	0	0	0	0	0	0	8.03E-06	0	0	0	0	0	0
188G	0	0	0	0	0	0	0	0	0	0	0	0	0	0	0	0	0	0	0	0	0	0
189G	0	0	0	0	0	0	0	0	0	0	0	0	0	0	0	0	0	0	0	0	0	0
190S	0	0	0	0	0	8.03E-06	0	0	0	0	0	0	0	0	0	0	0	0	0	0	8.03168E-06	0
191G	0	0	0	0	0	0	0	0	0	0	0	0	0	0	0	0	0	0	0	0	8.03168E-06	0
192G	0	0	0	0	0	0	0	0	0	0	0	0	0	0	0	0	0	0	0	0	8.03168E-06	0
193G	0	4.02E-06	0	0	0	0	0	0	0	0	0	0	0	0	0	0	0	0	0	0	0	0
194Y	0	0	0	0	0	0	0	0	0	0	0	0	0	0	0	0	0	0	0	0	0	0
195G	0	0	0	0	0	0	0	0	0	0	0	0	0	0	0	0	0	0	0	0	0	0
196N	0	0	0	0	0	0	0	0	0	0	0	0	0	0	0	4.03E-06	0	0	0	0	0	0
197Q	0	0	0	0	0	0	0	0	0	0	0	0	0	0	0	0	0	0	0	0	0	0
198D	0	0	0	0	0	0	0	0	0	0	0	0	0	0	0	0	0	0	0	0	0	0
199Q	0	0	0	4.03E-06	0	0	8.06E-06	0	0	0	0	0	0	0	0	0	0	0	0	0	0	0
200S	0	0	0	0	0	0	0	0	0	0	0	0	0	0	0	0	0	0	0	0	0	0
201G	0	0	0	0	0	0	0	0	0	0	0	0	0	0	0	0	0	4.03E-06	0	0	0	0
202G	0	0	0	0	0	0	0	0	0	0	0	0	0	0	0	0	0	0	0	0	0	0
203G	0	0	0	0	0	0	0	0	0	0	0	0	0	0	0	0	0	0	0	0	0	0
204G	0	0	8.08E-06	0	0	0	0	0	0	0	0	0	0	0	0	0	0	0	0	0	0	0
205S	0	0	0	0	0	4.05E-06	0	0	0	0	0	0	0	0	0	0	0	0	0	0	0	0
206G	0	0	4.05E-06	0	0	0	0	0	0	0	0	0	0	0	0	6.49E-05	0	0	0	0	0	0
207G	0	0	0	0	0	0	0	0	0	0	0	0	0	0	0	0	0	0	0	0	0	0
208Y	0	7.22E-06	0	0	0	0	0	0	0	0	0	4.07E-06	0	0	0	0	0	0	0	0	0	0
209G	0	0	0	0	0	0	0	0	0	0	0	0	0	0	0	0	0	0	0	0	0	0
210Q	0	0	0	0	0	0	2.54E-05	0	0	0	0	0	0	0	0	0	0	0	0	0	0	0
211Q	0	0	0	0	0	0	0	0	0	0	0	0	0	0	0	0	0	0	0	0	0	0
212D	4.09E-06	0	0	0	0	0	0	0	0	0	0	0	0	0	0	0	0	0	0	0	0	0
213R	0	1.82E-05	0	0	0	0	0	0	0	0	0	0	3.20E-05	0	0	0	0	0	0	0	0	0
214G	0	0	0	0	0	0	0	0	0	0	0	0	0	0	0	0	0	0	0	0	0	0
215G	0	0	0	0	0	0	0	0	0	0	0	0	0	0	0	0	0	0	0	0	0	0
216R	0	0.000128456	0	0	0	0	8.29E-06	0	0	0	0	0	0	0	0	0	0	0	0	0	4.14357E-06	0
217G	0	0	0	0	0	0	0	0	0	0	0	0	0	0	0	3.32E-05	0	0	0	0	4.14357E-06	0
218R	0	0	0	0	0	0	0	0	0	0	0	0	0	0	0	0	0	0	0	0	1.66018E-05	3.62147E-05
219G	0	0	0	0	0	0	0	0	0	0	0	0	0	0	0	0	0	0	0	0	1.24582E-05	3.62147E-05
220G	0	0	0	0	0	0	0	0	0	0	0	0	0	0	0	0	0	0	0	0	1.24582E-05	3.62147E-05
221S	0	0	0	0	0	0	0	8.39E-06	0	0	0	0	0	0	0	0	4.19E-06	0	0	0	4.86125E-05	4.67683E-05
222G	0	0	0	0	0	0	0	0	0	0	0	0	0	0	0	0	0	4.22E-06	0	0	4.14374E-06	4.67683E-05
223G	0	0	0	0	0	0	0	0	0	0	0	0	0	0	0	0	0	0	0	0	4.14374E-06	4.67683E-05
224G	0	4.49E-06	0	0	0	0	0	0	0	0	0	0	0	0	0	1.18E-05	0	0	0	0	1.672E-05	3.20574E-05
225G	0	0	0	0	0	0	0	0	0	0	0	0	0	0	0	1.92E-05	0	0	0	0	1.672E-05	3.20574E-05
226G	0	0	0	0	0	0	0	0	0	0	0	0	0	0	0	4.97E-05	0	4.32E-06	0	0	1.672E-05	0
227G	0	0	0	0	0	0	0	0	0	0	0	0	0	0	0	1.30E-05	0	0	0	0	1.25763E-05	0
228G	0	0	0	0	0	0	0	0	0	0	0	0	0	0	0	4.32E-06	0	0	0	0	4.30171E-05	0
229G	0	0	0	0	0	0	0	0	0	0	0	0	0	0	0	0	0	0	0	0	5.78E-04	0.000143689
230G	0	1.28E-05	0	0	0	0	0	0	0	0	0	0	0	0	0	0	0	0	0	0	0.001079637	0.000216941
231G	0	0	0	0	0	0	0	0	0	0	0	0	0	0	0	0	0	0	0	0	0.000998753	0.002357397
232Y	0	0	0	0	0	0	0	0	0	0	0	0	0	0	0	0	0	0	0	0	0	0
233N	0	0	0	0	0	0	4.21E-06	0	0	0	0	0	0	0	0	0	0	0	0	0	4.29E-06	0
234R	0	1.26E-05	0	0	0	0	2.94E-05	0	0	8.41E-06	0	0	0	0	0	0	0	0	0	0	4.29E-06	0
235S	0	0	0	0	0	0	0	0	0	0	0	0	0	0	0	0	0	0	0	0	4.29E-06	0
236S	0	0	0	0	0	0	0	0	0	0	0	0	0	0	0	0	0	0	0	0	4.29E-06	0
237G	0	0	0	0	0	0	0	0	0	0	0	0	0	0	0	0	0	0	0	0	4.29E-06	0
238G	0	0	0	0	0	0	0	0	0	0	0	0	0	0	0	0	0	0	0	0	4.29E-06	0
239Y	0	2.08E-05	0	0	0	0	0	0	0	0	0	0	0	0	0	0	0	0	0	0	4.29E-06	0
240E	0	0	0	0	0	0	0	0	0	0	0	0	0	0	0	0	0	0	0	0	0	0
241P	0	0	0	0	0	0	0	0	0	0	0	0	0	0	3.20E-05	0	0	0	0	0	0	0
242R	0	0	0	0	0	0	0	0	0	0	0	0	0	0	0	0	0	0	0	0	0	0
243G	0	0	0	0	0	0	0	0	0	0	0	0	0	0	0	0	0	0	0	0	0	0
244R	0	0	0	0	0	0	0	0	0	0	0	0	0	0	0	0	0	0	0	0	0	0
245G	0	0	0	0	0	0	0	0	0	0	0	0	0	0	0	0	0	0	0	0	0	0
246G	0	0	0	0	0	0	0	0	0	0	0	0	0	0	0	0	0	0	0	0	0	0
247G	0	0	0	0	0	0	0	0	0	0	0	0	0	0	0	0	0	0	0	0	0	8.43E-06
248R	0	4.14E-06	0	0	0	0	4.14E-06	0	0	0	0	0	0	0	0	0	0	0	0	0	0	4.14398E-06
249G	0	0	0	0	0	0	0	0	0	0	0	0	0	0	0	0	0	0	0	0	0	4.14398E-06
250G	0	0	0	0	0	0	0	0	0	0	0	0	0	0	0	4.15E-06	0	0	0	0	0	4.14398E-06
251R	0	0	0	0	0	0	0	0	0	0	0	0	0	0	0	0	0	0	0	0	0	0
252G	0	0	0	0	0	0	0	0	0	0	0	0	0	0	0	0	0	0	0	0	0	0
253G	0	0	0	0	0	0	0	0	0	0	0	0	0	0	0	0	0	4.19E-06	0	0	0	0
254M	0	0	0	0	0	0	0	0	0	0	0	0	0	0	0	0	0	8.38E-06	0	0	0	0
255G	0	0	0	0	0	0	0	0	0	0	0	0	0	0	0	0	0	0	0	0	0	0
256G	0	0	0	0	0	0	0	0	0	0	0	0	0	0	0	0	0	0	0	0	0	0
257S	0	3.98E-06	0	0	0	0	0	0	0	0	0	0	0	0	0	0	0	0	0	0	0	0
258D	0	0	0	0	0	0	0	0	0	0	0	0	0	0	0	0	0	0	0	0	0	0
259R	0	0	0	0	0	0	0	0	0	0	0	0	0	0	0	0	0	0	0	0	0	0
260G	0	0	0	0	0	0	0	0	0	0	0	0	0	0	0	0	0	0	0	0	0	0
261G	3.98E-06	0	0	0	0	0	0	0	0	0	0	0	0	0	0	0	0	0	0	0	0	0
262F	0	0	0	0	0	0	0	0	0	0	0	0	0	0	0	0	0	0	0	0	0	0
263N	0	0	0	0	0	0	0	0	0	0	0	0	0	0	0	2.12E-05	0	0	0	0	0	0
264K	0	0	0	0	0	0	0	3.98E-06	0	0	0	0	0	0	0	0	3.98E-06	0	0	0	0	0
265F	0	0	0	0	0	0	0	0	0	0	0	0	0	0	0	7.95E-06	0	0	0	0	0	0
266G	0	3.18E-05	0	0	0	0	0	0	0	0	0	0	0	0	0	0	0	0	0	0	0	0
267G	0	0	0	0	0	0	0	0	0	0	0	0	0	0	0	0	0	0	0	0	0	0
