NULL	A	C	D	E	F	G	H	I	K	L	M	N	P	Q	R	S	T	V	W	Y	DEL	DUP
13S	0	0	0	0	0	0	0	0	0	0	0	0	0	0	0	0	0	0	0	0	0	0
14Y	0	3.98E-06	0	0	0	0	0	0	0	0	0	0	0	0	0	0	0	0	0	0	0	0
15G	0	0	0	0	0	0	0	0	0	0	0	0	0	0	0	0	0	0	0	0	0	0
16A	0	0	0	0	0	0	0	0	0	0	0	0	0	0	0	0	0	0.000120215	0	0	0	0
17Y	0	0	0	0	0	0	0	0	0	0	0	0	0	0	0	3.98E-06	0	0	0	0	0	0
18P	0	0	0	0	0	0	0	0	0	0	0	0	0	0	0	3.54E-05	0.000120214	0	0	0	0	0
19T	0	0	0	0	0	0	0	0	0	0	0	0	3.19E-05	0	0	3.98E-06	0	0	0	0	0	0
24G	0	0	0	0	0	0	0	0	0	0	0	0	0	0	0	0	0	0	0	0	0	0
25Y	0	1.19E-05	0	0	0	0	0	0	0	0	0	0	0	0	0	7.95E-06	0	0	0	0	0	0
26S	0	0	0	0	0	0	0	0	0	0	0	0	0	0	0	0	0	0	0	0	0	0
27Q	0	0	0	0	0	0	0	0	0	0	0	0	0	0	0	0	0	0	0	0	0	0
32P	0	0	0	0	0	0	0	0	0	0	0	0	0	0	0	0	0	0	0	0	0	0
33Y	0	0	0	0	0	0	0	0	0	0	0	0	0	0	0	0	0	0	0	0	0	0
34G	0	0	0	3.18E-05	0	0	0	0	0	0	0	0	0	0	0	0	0	0	0	0	0	0
35Q	0	0	0	0	0	0	0	0	0	0	0	0	0	0	0	0	0	0	0	0	0	0
37S	0	0	0	0	0	0	0	0	0	0	0	0	0	0	0	0	0	0	0	0	0	0
38Y	0	0	0	0	0	0	0	0	0	0	0	0	0	0	0	0	0	0	0	0	0	0
39S	0	0	0	0	0	0	0	0	0	0	0	0	0	0	0	0	0	0	0	0	0	0
40G	8.84E-05	0	0	0	0	0	0	0	0	0	0	0	0	0	0	0	0	0	0	0	0	0
41Y	0	0	0	0	0	0	0	0	0	0	0	0	0	0	0	0	0	0	0	0	0	0
42S	0	0	0	0	0	0	0	0	0	0	0	0	0	0	0	0	0	0	0	0	0	0
43Q	0	0	0	0	0	0	0	0	0	0	0	0	0	0	0	0	0	0	0	0	0	0
49G	0	0	0	0	0	0	0	0	0	0	0	0	0	0	0	0	0	0	0	0	0	0
50Y	0	3.18E-05	0	0	0	0	0	0	0	0	0	0	0	0	0	0	0	0	0	0	0	0
51G	0	0	3.98E-06	0	0	0	0	0	0	0	0	0	0	0	0	0	0	0	0	0	0	0
52Q	0	0	0	0	0	0	0	0	0	0	0	0	0	0	0	0	0	0	0	0	0	0
54S	0	0	0	0	0	0	0	0	0	0	0	1.19E-05	0	0	0	0	0	0	0	0	0	0
55Y	0	0	0	0	0	0	0	0	0	0	0	0	0	0	0	0	0	0	0	0	0	0
56S	0	0	0	0	3.98E-06	0	0	0	0	0	0	0	0	0	0	0	0	0	0	0	0	0
57S	0	0	0	0	0	0	0	0	0	0	0	0	0	0	0	0	0	0	0	0	0.000173201	0
58Y	0	0	0	0	0	0	0	0	0	0	0	0	0	0	0	0	0	0	0	0	0	0
59G	0	0	0	0	0	0	0	0	0	0	0	0	0	0	0	0	0	0	0	0	0	0
60Q	0	0	0	0	0	0	0	0	0	0	0	0	0	0	0	0	0	0	0	0	0	0
65G	0	0	0	0	0	0	0	0	0	0	0	0	0	0	0	0	0	0	0	0	0	0
66Y	0	0	0	0	0	0	0	0	0	0	0	0	0	0	0	0	0	0	0	0	0	0
67G	0	0	0	0	0	0	0	0	0	0	0	0	0	0	0	0	0	0	0	0	0	0
68T	0	0	0	0	0	0	0	0	0	0	0	0	0	0	0	3.98E-06	0	0	0	0	0	0
74G	3.19E-05	0	0	0	0	0	0	0	0	0	0	0	0	0	0	0	0	0	0	0	0	0
75Y	0	0	0	0	0	0	0	0	0	0	0	0	0	0	0	0	0	0	0	0	0	0
76G	0	0	0	0	0	0	0	0	0	0	0	0	0	0	0	0	0	0	0	0	0	0
77S	0	0	0	0	0	0	0	0	0	1.41E-05	0	0	0	0	0	0	0	0	0	0	0	0
80G	0	0	0	0	0	0	0	0	0	0	0	0	0	0	0	3.54E-05	0	0	0	0	0	0
81Y	0	0	0	0	0	0	3.98E-06	0	0	0	0	0	0	0	0	0	0	0	0	0	0	0
82G	0	0	0	0	0	0	0	0	0	0	0	0	0	0	0	0	0	0	0	0	0	0
83S	0	0	0	0	0	0	0	0	0	0	0	0	0	0	0	0	0	0	0	0	0	0
90S	0	0	0	0	0	0	0	0	0	0	0	0	0	0	0	0	0	0	0	0	0	0
91Y	0	0	0	0	0	0	0	0	0	0	0	0	0	0	0	0	0	0	0	0	0	0
92G	0	0	0	0	0	0	0	0	0	0	0	0	0	0	7.95E-06	0	0	0	0	0	0	0
93Q	0	0	0	0	0	0	0	0	0	0	0	0	0	0	0	0	0	0	0	0	0	0
96S	0	0	0	0	0	0	0	0	0	0	0	0	0	0	0	0	0	0	0	0	4.77202E-05	0
97Y	0	0	0	0	0	0	0	0	0	0	0	0	0	0	0	0	0	0	0	0	0	0
98P	0	0	0	0	0	0	0	0	0	3.98E-06	0	0	0	0	0	3.98E-06	3.98E-06	0	0	0	0	0
99G	0	0	1.19E-05	0	0	0	0	0	0	0	0	0	0	0	0	0	0	0	0	0	0	0
100Y	0	0	0	0	0	0	0	0	0	0	0	0	0	0	0	0	0	0	0	0	0	0
101G	0	0	0	0	0	0	0	0	0	0	0	0	0	0	0	0	0	0	0	0	0	0
102Q	0	0	0	0	0	0	0	0	0	0	0	0	0	0	0	0	0	0	0	0	0	0
112S	0	0	0	0	0	0	0	0	0	0	0	0	0	0	0	0	0	0	0	0	0	0
113Y	0	0	0	0	0	0	0	0	0	0	0	0	0	0	0	0	0	0	0	0	0	0
114G	0	3.98E-06	0	0	0	0	0	0	0	0	0	0	0	0	0	3.98E-06	0	0	0	0	0	0
115S	0	0	0	0	0	0	0	0	0	0	0	3.98E-06	0	0	0	0	0	0	0	0	0	0
121S	0	0	0	0	0	6.36E-05	0	0	0	0	0	3.98E-06	0	0	0	0	0	0	0	0	0	0
122Y	0	0	0	0	0	0	0	0	0	0	0	0	0	0	0	0	0	0	0	0	0	0
123G	0	0	0	0	0	0	0	0	0	0	0	0	0	0	0	0	0	0	0	0	0	0
124Q	0	0	0	0	0	0	0	0	0	0	0	0	0	0	0	0	0	0	0	0	0	0
129S	0	0	0	0	0	0	0	0	0	0	0	0	0	0	0	0	0	0	0	0	0	0
130Y	0	0	0	0	0	0	0	0	0	0	0	0	0	0	0	0	0	0	0	0	0	0
131S	0	0	0	0	0	0	0	0	0	0	0	0	0	0	0	0	0	0	0	0	0	0
132Q	0	0	0	0	0	0	0	0	0	0	0	0	0	0	0	0	0	0	0	0	0	0
135S	0	0	0	0	0	3.19E-05	0	0	0	0	0	0.000495007	0	0	0	0	0	0	0	0	0	0
136Y	0	0	0	0	3.98E-06	0	0	0	0	0	0	0	0	0	0	0	0	0	0	0	0	0
137G	0	0	0	0	0	0	0	0	0	0	0	0	0	0	0	3.98E-06	0	0	0	0	0	0
138G	0	0	0	0	0	0	0	0	0	0	0	0	0	0	0	0	0	0	0	0	0	0
142S	0	0	0	0	0	0	0	0	0	0	0	1.19E-05	0	0	0	0	0	0	0	0	0	0
143Y	0	7.95E-06	0	0	0	0	0	0	0	0	0	0	0	0	0	0	0	0	0	0	0	0
144G	0	0	0	0	0	0	0	0	0	0	0	0	0	0	0	0	0	0	0	0	7.95305E-05	3.97652E-06
145Q	0	0	0	0	0	0	0	0	0	0	0	0	0	0	0	0	0	0	0	0	7.95305E-05	3.97652E-06
148S	0	0	0	0	0	0	0	0	0	0	0	0	0	0	0	0	3.98E-05	0	0	0	7.95305E-05	3.97652E-06
149Y	0	3.98E-06	0	0	0	0	0	0	0	0	0	0	0	0	0	0	0	0	0	0	7.95305E-05	3.97652E-06
150N	0	0	0	0	0	0	0	0	0	0	0	0	0	0	0	0	0	0	0	0	0	0
151P	0	0	0	0	0	0	0	0	0	2.12E-05	0	0	0	0	0	3.98E-06	0	0	0	0	0	0
154G	0	0	0	0	0	0	0	0	0	0	0	0	0	0	0	0	0	0	0	0	0	0
155Y	0	3.98E-06	0	0	0	0	0	0	0	0	0	0	0	0	0	0	0	0	0	0	0	0
156G	0	0	0	0	0	0	0	0	0	0	0	0	0	0	0	0	0	0	0	0	0	0
157Q	0	0	0	0	0	0	0	0	0	3.19E-05	0	0	0	0	0	0	0	0	0	0	0	0
160Q	0	0	0	0	0	0	0	0	0	0	0	0	0	0	0	0	0	0	0	0	0	0
161Y	0	3.98E-06	0	0	0	0	0	0	0	0	0	0	0	0	0	0	0	0	0	0	0	0
162N	0	0	0	0	0	0	4.60E-05	0	0	0	0	0	0	0	0	0	0	0	0	0	0	0
163S	0	0	0	0	0	0	0	0	0	0	0	0	0	0	0	0	0	0	0	0	0	0
176N	0	0	0	0	0	0	0	0	4.02E-06	0	0	0	0	0	0	0	0	0	0	0	0	0
177Y	0	2.50E-05	0	0	0	0	4.02E-06	0	0	0	0	0	0	0	0	0	0	0	0	0	0	0
178G	0	0	0	0	0	0	0	0	0	0	0	0	0	0	0	1.07E-05	0	0	0	0	0	0
179Q	0	0	0	0	0	0	0	0	0	0	0	0	0	0	0	0	0	0	0	0	0	0
193G	0	4.02E-06	0	0	0	0	0	0	0	0	0	0	0	0	0	0	0	0	0	0	0	0
194Y	0	0	0	0	0	0	0	0	0	0	0	0	0	0	0	0	0	0	0	0	0	0
195G	0	0	0	0	0	0	0	0	0	0	0	0	0	0	0	0	0	0	0	0	0	0
196N	0	0	0	0	0	0	0	0	0	0	0	0	0	0	0	4.03E-06	0	0	0	0	0	0
207G	0	0	0	0	0	0	0	0	0	0	0	0	0	0	0	0	0	0	0	0	0	0
208Y	0	7.22E-06	0	0	0	0	0	0	0	0	0	4.07E-06	0	0	0	0	0	0	0	0	0	0
209G	0	0	0	0	0	0	0	0	0	0	0	0	0	0	0	0	0	0	0	0	0	0
210Q	0	0	0	0	0	0	2.54E-05	0	0	0	0	0	0	0	0	0	0	0	0	0	0	0
231G	0	0	0	0	0	0	0	0	0	0	0	0	0	0	0	0	0	0	0	0	0.000998753	0.002357397
232Y	0	0	0	0	0	0	0	0	0	0	0	0	0	0	0	0	0	0	0	0	0	0
233N	0	0	0	0	0	0	4.21E-06	0	0	0	0	0	0	0	0	0	0	0	0	0	4.29E-06	0
234R	0	1.26E-05	0	0	0	0	2.94E-05	0	0	8.41E-06	0	0	0	0	0	0	0	0	0	0	4.29E-06	0
238G	0	0	0	0	0	0	0	0	0	0	0	0	0	0	0	0	0	0	0	0	4.29E-06	0
239Y	0	2.08E-05	0	0	0	0	0	0	0	0	0	0	0	0	0	0	0	0	0	0	4.29E-06	0
240E	0	0	0	0	0	0	0	0	0	0	0	0	0	0	0	0	0	0	0	0	0	0
241P	0	0	0	0	0	0	0	0	0	0	0	0	0	0	3.20E-05	0	0	0	0	0	0	0
























																						
