NULL	PHOS	UBI	ACET	METH	SUMO	O-GlcNAc
1M	0	0	0	0	0	0
2A	0	0	0	0	0	0
3S	0	0	0	0	0	0
4N	0	0	0	0	0	0
5D	0	0	0	0	0	0
6Y	0	0	0	0	0	0
7T	1	0	0	0	0	0
8Q	0	0	0	0	0	0
9Q	0	0	0	0	0	0
10A	0	0	0	0	0	0
11T	1	0	0	0	0	0
12Q	0	0	0	0	0	0
13S	0	0	0	0	0	0
14Y	0	0	0	0	0	0
15G	0	0	0	0	0	0
16A	0	0	0	0	0	0
17Y	0	0	0	0	0	0
18P	0	0	0	0	0	0
19T	1	0	0	0	0	1
20Q	0	0	0	0	0	0
21P	0	0	0	0	0	0
22G	0	0	0	0	0	0
23Q	0	0	0	0	0	0
24G	0	0	0	0	0	0
25Y	0	0	0	0	0	0
26S	0	0	0	0	0	0
27Q	0	0	0	0	0	0
28Q	0	0	0	0	0	0
29S	0	0	0	0	0	0
30S	1	0	0	0	0	0
31Q	0	0	0	0	0	0
32P	0	0	0	0	0	0
33Y	0	0	0	0	0	0
34G	0	0	0	0	0	0
35Q	0	0	0	0	0	0
36Q	0	0	0	0	0	0
37S	0	0	0	0	0	0
38Y	0	0	0	0	0	0
39S	0	0	0	0	0	0
40G	0	0	0	0	0	0
41Y	0	0	0	0	0	0
42S	1	0	0	0	0	0
43Q	0	0	0	0	0	0
44S	0	0	0	0	0	0
45T	0	0	0	0	0	0
46D	0	0	0	0	0	0
47T	0	0	0	0	0	0
48S	0	0	0	0	0	0
49G	0	0	0	0	0	0
50Y	0	0	0	0	0	0
51G	0	0	0	0	0	0
52Q	0	0	0	0	0	0
53S	0	0	0	0	0	0
54S	1	0	0	0	0	0
55Y	0	0	0	0	0	0
56S	0	0	0	0	0	0
57S	0	0	0	0	0	0
58Y	0	0	0	0	0	0
59G	0	0	0	0	0	0
60Q	0	0	0	0	0	0
61S	1	0	0	0	0	0
62Q	0	0	0	0	0	0
63N	0	0	0	0	0	0
64T	0	0	0	0	0	0
65G	0	0	0	0	0	0
66Y	0	0	0	0	0	0
67G	0	0	0	0	0	0
68T	1	0	0	0	0	0
69Q	0	0	0	0	0	0
70S	0	0	0	0	0	0
71T	0	0	0	0	0	0
72P	0	0	0	0	0	0
73Q	0	0	0	0	0	0
74G	0	0	0	0	0	0
75Y	0	0	0	0	0	0
76G	0	0	0	0	0	0
77S	0	0	0	0	0	0
78T	0	0	0	0	0	0
79G	0	0	0	0	0	0
80G	0	0	0	0	0	0
81Y	0	0	0	0	0	0
82G	0	0	0	0	0	0
83S	0	0	0	0	0	0
84S	1	0	0	0	0	0
85Q	0	0	0	0	0	0
86S	0	0	0	0	0	0
87S	1	0	0	0	0	0
88Q	0	0	0	0	0	0
89S	0	0	0	0	0	0
90S	0	0	0	0	0	0
91Y	0	0	0	0	0	0
92G	0	0	0	0	0	0
93Q	0	0	0	0	0	0
94Q	0	0	0	0	0	0
95S	0	0	0	0	0	0
96S	0	0	0	0	0	0
97Y	0	0	0	0	0	0
98P	0	0	0	0	0	0
99G	0	0	0	0	0	0
100Y	0	0	0	0	0	0
101G	0	0	0	0	0	0
102Q	0	0	0	0	0	0
103Q	0	0	0	0	0	0
104P	0	0	0	0	0	0
105A	0	0	0	0	0	0
106P	0	0	0	0	0	0
107S	0	0	0	0	0	0
108S	0	0	0	0	0	0
109T	0	0	0	0	0	0
110S	0	0	0	0	0	0
111G	0	0	0	0	0	0
112S	1	0	0	0	0	0
113Y	0	0	0	0	0	0
114G	0	0	0	0	0	0
115S	0	0	0	0	0	0
116S	0	0	0	0	0	0
117S	1	0	0	0	0	0
118Q	0	0	0	0	0	0
119S	0	0	0	0	0	0
120S	0	0	0	0	0	0
121S	0	0	0	0	0	0
122Y	0	0	0	0	0	0
123G	0	0	0	0	0	0
124Q	0	0	0	0	0	0
125P	0	0	0	0	0	0
126Q	0	0	0	0	0	0
127S	0	0	0	0	0	0
128G	0	0	0	0	0	0
129S	0	0	0	0	0	0
130Y	0	0	0	0	0	0
131S	1	0	0	0	0	0
132Q	0	0	0	0	0	0
133Q	0	0	0	0	0	0
134P	0	0	0	0	0	0
135S	0	0	0	0	0	0
136Y	0	0	0	0	0	0
137G	0	0	0	0	0	0
138G	0	0	0	0	0	0
139Q	0	0	0	0	0	0
140Q	0	0	0	0	0	0
141Q	0	0	0	0	0	0
142S	1	0	0	0	0	0
143Y	0	0	0	0	0	0
144G	0	0	0	0	0	0
145Q	0	0	0	0	0	0
146Q	0	0	0	0	0	0
147Q	0	0	0	0	0	0
148S	0	0	0	0	0	0
149Y	0	0	0	0	0	0
150N	0	0	0	0	0	0
151P	0	0	0	0	0	0
152P	0	0	0	0	0	0
153Q	0	0	0	0	0	0
154G	0	0	0	0	0	0
155Y	0	0	0	0	0	0
156G	0	0	0	0	0	0
157Q	0	0	0	0	0	0
158Q	0	0	0	0	0	0
159N	0	0	0	0	0	0
160Q	0	0	0	0	0	0
161Y	0	0	0	0	0	0
162N	0	0	0	0	0	0
163S	0	0	0	0	0	0
164S	0	0	0	0	0	0
165S	0	0	0	0	0	0
166G	0	0	0	0	0	0
167G	0	0	0	0	0	0
168G	0	0	0	0	0	0
169G	0	0	0	0	0	0
170G	0	0	0	0	0	0
171G	0	0	0	0	0	0
172G	0	0	0	0	0	0
173G	0	0	0	0	0	0
174G	0	0	0	0	0	0
175G	0	0	0	0	0	0
176N	0	0	0	0	0	0
177Y	0	0	0	0	0	0
178G	0	0	0	0	0	0
179Q	0	0	0	0	0	0
180D	0	0	0	0	0	0
181Q	0	0	0	0	0	0
182S	0	0	0	0	0	0
183S	0	0	0	0	0	0
184M	0	0	0	0	0	0
185S	0	0	0	0	0	0
186S	0	0	0	0	0	0
187G	0	0	0	0	0	0
188G	0	0	0	0	0	0
189G	0	0	0	0	0	0
190S	0	0	0	0	0	0
191G	0	0	0	0	0	0
192G	0	0	0	0	0	0
193G	0	0	0	0	0	0
194Y	0	0	0	0	0	0
195G	0	0	0	0	0	0
196N	0	0	0	0	0	0
197Q	0	0	0	0	0	0
198D	0	0	0	0	0	0
199Q	0	0	0	0	0	0
200S	0	0	0	0	0	0
201G	0	0	0	0	0	0
202G	0	0	0	0	0	0
203G	0	0	0	0	0	0
204G	0	0	0	0	0	0
205S	0	0	0	0	0	0
206G	0	0	0	0	0	0
207G	0	0	0	0	0	0
208Y	0	0	0	0	0	0
209G	0	0	0	0	0	0
210Q	0	0	0	0	0	0
211Q	0	0	0	0	0	0
212D	0	0	0	0	0	0
213R	0	0	0	1	0	0
214G	0	0	0	0	0	0
215G	0	0	0	0	0	0
216R	0	0	0	1	0	0
217G	0	0	0	0	0	0
218R	0	0	0	1	0	0
219G	0	0	0	0	0	0
220G	0	0	0	0	0	0
221S	1	0	0	0	0	0
222G	0	0	0	0	0	0
223G	0	0	0	0	0	0
224G	0	0	0	0	0	0
225G	0	0	0	0	0	0
226G	0	0	0	0	0	0
227G	0	0	0	0	0	0
228G	0	0	0	0	0	0
229G	0	0	0	0	0	0
230G	0	0	0	0	0	0
231G	0	0	0	0	0	0
232Y	1	0	0	0	0	0
233N	0	0	0	0	0	0
234R	0	0	0	1	0	0
235S	0	0	0	0	0	0
236S	0	0	0	0	0	0
237G	0	0	0	0	0	0
238G	0	0	0	0	0	0
239Y	1	0	0	0	0	0
240E	0	0	0	0	0	0
241P	0	0	0	0	0	0
242R	0	0	0	1	0	0
243G	0	0	0	0	0	0
244R	0	0	0	1	0	0
245G	0	0	0	0	0	0
246G	0	0	0	0	0	0
247G	0	0	0	0	0	0
248R	0	0	0	1	0	0
249G	0	0	0	0	0	0
250G	0	0	0	0	0	0
251R	0	0	0	1	0	0
252G	0	0	0	0	0	0
253G	0	0	0	0	0	0
254M	0	0	0	0	0	0
255G	0	0	0	0	0	0
256G	0	0	0	0	0	0
257S	0	0	0	0	0	0
258D	0	0	0	0	0	0
259R	0	0	0	1	0	0
260G	0	0	0	0	0	0
261G	0	0	0	0	0	0
262F	0	0	0	0	0	0
263N	0	0	0	0	0	0
264K	0	1	0	0	0	0
265F	0	0	0	0	0	0
266G	0	0	0	0	0	0
267G	0	0	0	0	0	0
371R	0	0	0	1	0	0
372R	0	0	0	0	0	0
373A	0	0	0	0	0	0
374D	0	0	0	0	0	0
375F	0	0	0	0	0	0
376N	0	0	0	0	0	0
377R	0	0	0	1	0	0
378G	0	0	0	0	0	0
379G	0	0	0	0	0	0
380G	0	0	0	0	0	0
381N	0	0	0	0	0	0
382G	0	0	0	0	0	0
383R	0	0	0	0	0	0
384G	0	0	0	0	0	0
385G	0	0	0	0	0	0
386R	0	0	0	0	0	0
387G	0	0	0	0	0	0
388R	0	0	0	0	0	0
389G	0	0	0	0	0	0
390G	0	0	0	0	0	0
391P	0	0	0	0	0	0
392M	0	0	0	0	0	0
393G	0	0	0	0	0	0
394R	0	0	0	1	0	0
395G	0	0	0	0	0	0
396G	0	0	0	0	0	0
397Y	1	0	0	0	0	0
398G	0	0	0	0	0	0
399G	0	0	0	0	0	0
400G	0	0	0	0	0	0
401G	0	0	0	0	0	0
402S	0	0	0	0	0	0
403G	0	0	0	0	0	0
404G	0	0	0	0	0	0
405G	0	0	0	0	0	0
406G	0	0	0	0	0	0
407R	0	0	0	1	0	0
408G	0	0	0	0	0	0
409G	0	0	0	0	0	0
410F	0	0	0	0	0	0
411P	0	0	0	0	0	0
412S	0	0	0	0	0	0
413G	0	0	0	0	0	0
414G	0	0	0	0	0	0
415G	0	0	0	0	0	0
416G	0	0	0	0	0	0
417G	0	0	0	0	0	0
418G	0	0	0	0	0	0
419G	0	0	0	0	0	0
420Q	0	0	0	0	0	0
421Q	0	0	0	0	0	0
422R	0	0	0	0	0	0
453D	0	0	0	0	0	0
454G	0	0	0	0	0	0
455P	0	0	0	0	0	0
456G	0	0	0	0	0	0
457G	0	0	0	0	0	0
458G	0	0	0	0	0	0
459P	0	0	0	0	0	0
460G	0	0	0	0	0	0
461G	0	0	0	0	0	0
462S	1	0	0	0	0	0
463H	0	0	0	0	0	0
464M	0	0	0	0	0	0
465G	0	0	0	0	0	0
466G	0	0	0	0	0	0
467N	0	0	0	0	0	0
468Y	1	0	0	0	0	0
469G	0	0	0	0	0	0
470D	0	0	0	0	0	0
471D	0	0	0	0	0	0
472R	0	0	0	0	0	0
473R	0	0	0	1	0	0
474G	0	0	0	0	0	0
475G	0	0	0	0	0	0
476R	0	0	0	1	0	0
477G	0	0	0	0	0	0
478G	0	0	0	0	0	0
479Y	0	0	0	0	0	0
480D	0	0	0	0	0	0
481R	0	0	0	1	0	0
482G	0	0	0	0	0	0
483G	0	0	0	0	0	0
484Y	0	0	0	0	0	0
485R	0	0	0	1	0	0
486G	0	0	0	0	0	0
487R	0	0	0	1	0	0
488G	0	0	0	0	0	0
489G	0	0	0	0	0	0
490D	0	0	0	0	0	0
491R	0	0	0	1	0	0
492G	0	0	0	0	0	0
493G	0	0	0	0	0	0
494F	0	0	0	0	0	0
495R	0	0	0	1	0	0
496G	0	0	0	0	0	0
497G	0	0	0	0	0	0
498R	0	0	0	1	0	0
499G	0	0	0	0	0	0
500G	0	0	0	0	0	0
501G	0	0	0	0	0	0
