NULL	A	C	D	E	F	G	H	I	K	L	M	N	P	Q	R	S	T	V	W	X	Y
364N	0	0	0	0	0	0	0	0	0	0	0	0	0	0	0	0	0	0	0	0	0
365Q	0	0	0	0	0	0	0	0	0	0	0	0	0	0	0	0	0	0	0	0	0
366A	0	0	0	0	0	0	0	0	0	0	0	0	0	0	0	0	0	0	0	0	0
367F	0	0	0	0	0	0	0	0	0	0	0	0	0	0	0	0	0	0	0	0	0
368G	0	0	0	0	0	0	0	0	0	0	0	0	0	0	0	1	0	0	0	0	0
369S	0	0	0	0	0	0	0	0	0	0	0	0	0	0	0	0	0	0	0	0	0
370G	0	0	0	0	0	0	0	0	0	0	0	0	0	0	0	0	0	0	0	0	0
371N	0	0	0	0	0	0	0	0	0	0	0	0	0	0	0	0	0	0	0	0	0
372N	0	0	0	0	0	0	0	0	0	0	0	0	0	0	0	0	0	0	0	0	0
373S	0	0	0	0	0	0	0	0	0	0	0	0	0	0	0	0	0	0	0	0	0
374Y	0	0	0	0	0	0	0	0	0	0	0	0	0	0	0	0	0	0	0	1	0
375S	0	0	0	0	0	0	0	0	0	0	0	0	0	0	0	0	0	0	0	0	0
376G	0	0	1	0	0	0	0	0	0	0	0	0	0	0	0	0	0	0	0	0	0
377S	0	0	0	0	0	0	0	0	0	0	0	0	0	0	0	0	0	0	0	0	0
378N	0	0	1	0	0	0	0	0	0	0	0	0	0	0	0	1	0	0	0	0	0
379S	0	1	0	0	0	0	0	0	0	0	0	0	1	0	0	0	0	0	0	0	0
380G	0	0	0	0	0	0	0	0	0	0	0	0	0	0	0	0	0	0	0	0	0
381A	0	0	0	0	0	0	0	0	0	0	0	0	0	0	0	0	0	0	0	0	0
382A	0	0	0	0	0	0	0	0	0	0	0	0	1	0	0	0	1	0	0	0	0
383I	0	0	0	0	0	0	0	0	0	0	0	0	0	0	0	0	0	1	0	0	0
384G	0	0	0	0	0	0	0	0	0	0	0	0	0	0	1	0	0	0	0	0	0
385W	0	0	0	0	0	1	0	0	0	0	0	0	0	0	0	0	0	0	0	0	0
386G	0	0	0	0	0	0	0	0	0	0	0	0	0	0	0	0	0	0	0	0	0
387S	0	0	0	0	0	0	0	0	0	0	0	0	0	0	0	0	0	0	0	0	0
388A	0	0	0	0	0	0	0	0	0	0	0	0	0	0	0	0	0	0	0	0	0
389S	0	0	0	0	0	0	0	0	0	0	0	0	0	0	0	0	0	0	0	0	0
390N	0	0	1	0	0	0	0	0	0	0	0	0	0	0	0	1	0	0	0	0	0
391A	0	0	0	0	0	0	0	0	0	0	0	0	0	0	0	0	0	0	0	0	0
392G	0	0	0	0	0	0	0	0	0	0	0	0	0	0	0	0	0	0	0	0	0
393S	0	0	0	0	0	0	0	0	0	1	0	0	0	0	0	0	0	0	0	0	0
394G	0	0	0	0	0	0	0	0	0	0	0	0	0	0	0	0	0	0	0	0	0
395S	0	0	0	0	0	0	0	0	0	0	0	0	0	0	0	0	0	0	0	0	0
396G	0	0	0	0	0	0	0	0	0	0	0	0	0	0	0	0	0	0	0	0	0
397F	0	0	0	0	0	0	0	0	0	0	0	0	0	0	0	0	0	0	0	0	0
398N	0	0	0	0	0	0	0	0	0	0	0	0	0	0	0	0	0	0	0	0	0
399G	0	0	0	0	0	0	0	0	0	0	0	0	0	0	0	0	0	0	0	0	0
400G	0	0	0	0	0	0	0	0	0	0	0	0	0	0	0	0	0	0	0	0	0
401F	0	0	0	0	0	0	0	0	0	0	0	0	0	0	0	0	0	0	0	0	0
402G	0	0	0	0	0	0	0	0	0	0	0	0	0	0	0	0	0	0	0	0	0
403S	0	0	0	0	0	0	0	0	0	0	0	0	0	0	0	0	0	0	0	0	0
404S	0	0	0	0	0	0	0	0	0	0	0	0	0	0	0	0	0	0	0	0	0
405M	0	0	0	0	0	0	0	0	0	0	0	0	0	0	0	0	0	0	0	0	0
406D	0	0	0	0	0	0	0	0	0	0	0	0	0	0	0	0	0	0	0	0	0
407S	0	0	0	0	0	0	0	0	0	0	0	0	0	0	0	0	0	0	0	0	0
408K	0	0	0	0	0	0	0	0	0	0	0	0	0	0	0	0	0	0	0	0	0
409S	0	0	0	0	0	0	0	0	0	0	0	0	0	0	0	0	0	0	0	0	0
410S	0	0	0	0	0	0	0	0	0	0	0	0	0	0	0	0	0	0	0	0	0
411G	0	0	0	0	0	0	0	0	0	0	0	0	0	0	0	0	0	0	0	0	0
412W	0	0	0	0	0	0	0	0	0	0	0	0	0	0	0	0	0	0	0	0	0
413G	0	0	0	0	0	0	0	0	0	0	0	0	0	0	0	0	0	0	0	0	0
414M	0	0	0	0	0	0	0	0	0	0	0	0	0	0	0	0	0	0	0	0	0
