NULL	A	C	D	E	F	G	H	I	K	L	M	N	P	Q	R	S	T	V	W	X	Y
314G	0	0	0	0	0	0	0	0	0	0	0	0	0	0	0	0	0	0	0	0	0
315A	0	0	0	0	0	0	0	0	0	0	0	0	0	0	0	0	0	0	0	0	0
316F	0	0	0	0	0	0	0	0	0	0	0	0	0	0	0	0	0	0	0	0	0
317S	0	0	0	0	0	0	0	0	0	0	0	0	0	0	0	0	0	0	0	0	0
318I	0	0	0	0	0	0	0	0	0	0	0	0	0	0	0	0	0	0	0	0	0
319N	0	0	0	0	0	0	0	0	0	0	0	0	0	0	0	0	0	0	0	0	0
320P	0	0	0	0	0	0	0	0	0	0	0	0	0	0	0	0	0	0	0	0	0
321A	0	0	0	0	0	0	0	0	0	0	0	0	0	0	0	0	0	0	0	0	0
322M	0	0	0	0	0	0	0	0	0	0	0	0	0	0	0	0	0	1	0	0	0
323M	0	0	0	0	0	0	0	0	0	0	0	0	0	0	0	0	0	2	0	0	0
324A	0	0	0	0	0	0	0	0	0	0	0	0	0	0	0	0	0	0	0	0	0
325A	0	0	0	0	0	0	0	0	0	0	0	0	0	0	0	0	0	0	0	0	0
326A	0	0	0	0	0	0	0	0	0	0	0	0	0	0	0	0	0	0	0	0	0
327Q	0	0	0	0	0	0	0	0	0	0	0	0	0	0	0	0	0	0	0	0	0
328A	0	0	0	0	0	0	0	0	0	0	0	0	0	0	0	0	0	0	0	0	0
329A	0	0	0	0	0	0	0	0	0	0	0	0	0	0	0	0	0	0	0	0	0
330L	0	0	0	0	0	0	0	0	0	0	0	0	0	0	0	0	0	0	0	0	0
331Q	0	0	0	0	0	0	0	0	0	0	0	0	0	0	0	0	0	0	0	0	0
332S	0	0	0	0	0	0	0	0	0	0	0	0	0	0	0	0	0	0	0	0	0
333S	0	0	0	0	0	0	0	0	0	0	0	0	0	0	0	0	0	0	0	0	0
334W	0	0	0	0	0	0	0	0	0	0	0	0	0	0	0	0	0	0	0	0	0
335G	0	0	0	0	0	0	0	0	0	0	0	0	0	0	0	0	0	0	0	0	0
336M	0	0	0	0	0	0	0	0	0	0	0	0	0	0	0	0	0	0	0	0	0
337M	0	0	0	0	0	0	0	0	0	0	0	0	0	0	0	0	0	0	0	0	0
338G	0	0	0	0	0	0	0	0	0	0	0	0	0	0	0	0	0	0	0	0	0
339M	0	0	0	0	0	0	0	0	0	0	0	0	0	0	0	0	0	0	0	0	0
340L	0	0	0	0	0	0	0	0	0	0	0	0	0	0	0	0	0	0	0	0	0
341A	0	0	0	0	0	0	0	0	0	0	0	0	0	0	0	0	0	0	0	0	0
342S	0	0	0	0	0	0	0	0	0	0	0	0	0	0	0	0	0	0	0	0	0
343Q	0	0	0	0	0	0	0	0	0	0	0	0	0	0	0	0	0	0	0	0	0
344Q	0	0	0	0	0	0	0	0	0	0	0	0	0	0	0	0	0	0	0	0	0
345N	0	0	0	0	0	0	0	0	0	0	0	0	0	0	0	1	0	0	0	0	0
346Q	0	0	0	0	0	0	0	0	0	0	0	0	0	0	0	0	0	0	0	0	0
347S	0	0	0	0	0	0	0	0	0	0	0	0	0	0	0	0	0	0	0	0	0
348G	0	0	0	0	0	0	0	0	0	0	0	0	0	0	0	0	0	0	0	0	0
349P	0	0	0	0	0	0	0	0	0	0	0	0	0	0	0	0	0	0	0	0	0
350S	0	0	0	0	0	0	0	0	0	0	0	0	0	0	0	0	0	0	0	0	0
351G	0	0	0	0	0	0	0	0	0	0	0	0	0	0	0	0	0	0	0	0	0
352N	0	0	0	0	0	0	0	0	0	0	0	0	0	0	0	0	0	0	0	0	0
353N	0	0	0	0	0	0	0	0	0	0	0	0	0	0	0	0	0	0	0	0	0
354Q	0	0	0	0	0	0	0	0	0	0	0	0	0	0	0	0	0	0	0	0	0
355S	0	0	0	0	0	0	0	0	0	0	0	0	0	0	0	0	0	0	0	0	0
356Q	0	0	0	0	0	0	0	0	0	0	0	0	0	0	0	0	0	0	0	0	0
357G	0	0	0	0	0	0	0	0	0	0	0	0	0	0	0	0	0	0	0	0	0
358N	0	0	0	0	0	0	0	0	0	0	0	0	0	0	0	0	0	0	0	0	0
359M	0	0	0	0	0	0	0	0	0	0	0	0	0	0	0	0	1	0	0	0	0
360Q	0	0	0	0	0	0	0	0	0	0	0	0	0	0	0	0	0	0	0	0	0
361R	0	0	0	0	0	0	0	0	0	0	0	0	0	0	0	0	0	0	0	0	0
362E	0	0	0	0	0	0	0	0	0	0	0	0	0	0	0	0	0	0	0	0	0
363P	0	0	0	0	0	0	0	0	0	0	0	0	0	0	0	0	0	0	0	0	0