NULL	A	C	D	E	F	G	H	I	K	L	M	N	P	Q	R	S	T	V	W	X	Y
263K	0	0	0	0	0	0	0	0	0	0	0	0	0	0	0	0	0	0	0	0	0
264H	0	0	0	0	0	0	0	0	0	0	0	0	0	0	0	0	0	0	0	0	0
265N	0	0	0	0	0	0	0	0	0	0	0	0	0	0	0	0	0	0	0	0	0
266S	0	0	0	0	0	0	0	0	0	0	0	0	0	0	0	0	0	0	0	0	0
267N	0	0	0	0	0	0	0	0	0	0	0	0	0	0	0	2	0	0	0	0	0
268R	0	0	0	0	0	0	0	0	0	0	0	0	0	0	0	0	0	0	0	0	0
269Q	0	0	0	0	0	0	0	0	0	0	0	0	0	0	0	0	0	0	0	0	0
270L	0	0	0	0	0	0	0	0	0	0	0	0	0	0	0	0	0	0	0	0	0
271E	0	0	0	0	0	0	0	0	0	0	0	0	0	0	0	0	0	0	0	0	0
272R	0	0	0	0	0	0	0	0	0	0	0	0	0	0	0	0	0	0	0	0	0
273S	0	1	0	0	0	0	0	0	0	0	0	0	0	0	0	0	0	0	0	0	0
274G	0	0	0	0	0	0	0	0	0	0	0	0	0	0	0	0	0	0	0	0	0
275R	0	0	0	0	0	0	0	0	0	0	0	0	0	0	0	0	0	0	0	0	0
276F	0	0	0	0	0	0	0	0	0	0	0	0	0	0	0	0	0	0	0	0	0
277G	0	0	0	0	0	0	0	0	0	0	0	0	0	0	0	0	0	0	0	0	0
278G	0	0	0	0	0	0	0	0	0	0	0	0	0	0	0	0	0	0	0	0	0
279N	0	0	0	0	0	0	0	0	0	0	0	0	0	0	0	0	0	0	0	0	0
280P	0	0	0	0	0	0	0	0	0	0	0	0	0	0	0	0	0	0	0	0	0
281G	0	0	0	0	0	0	0	0	0	0	0	0	0	0	0	0	0	0	0	0	0
282G	0	0	0	0	0	0	0	0	0	0	0	0	0	0	0	0	0	0	0	0	0
283F	0	0	0	0	0	0	0	0	0	0	0	0	0	0	0	0	0	0	0	0	0
284G	0	0	0	1	0	0	0	0	0	0	0	0	0	0	0	0	0	0	0	0	0
285N	0	0	0	0	0	0	0	0	0	0	0	0	0	0	0	0	0	0	0	0	0
286Q	0	0	0	0	0	0	0	0	0	0	0	0	0	0	0	0	0	0	0	0	0
287G	0	0	0	0	0	0	0	0	0	0	0	0	0	0	0	1	0	0	0	0	0
288G	0	0	0	0	0	0	0	0	0	0	0	0	0	0	0	0	0	0	0	0	0
289F	0	0	0	0	0	0	0	0	0	0	0	0	0	0	0	0	0	0	0	0	0
290G	0	0	0	0	0	0	0	0	0	0	0	0	0	0	0	0	0	0	0	0	0
291N	0	0	0	0	0	0	0	0	0	0	0	0	0	0	0	0	0	0	0	0	0
292S	0	0	0	0	0	0	0	0	0	0	0	0	0	0	0	0	0	0	0	0	0
293R	0	0	0	0	0	0	0	0	0	0	0	0	0	0	0	0	0	0	0	0	0
294G	0	0	0	1	0	0	0	0	0	0	0	0	0	0	0	0	0	1	0	0	0
295G	0	0	1	0	0	0	0	0	0	0	0	0	0	0	0	0	0	0	0	0	0
296G	0	0	0	0	0	0	0	0	0	0	0	0	0	0	0	0	0	0	0	0	0
297A	0	0	0	0	0	0	0	0	0	0	0	0	0	0	0	0	0	0	0	0	0
298G	0	0	0	0	0	0	0	0	0	0	0	0	0	0	0	0	0	0	0	0	0
299L	0	0	0	0	0	0	0	0	0	0	0	0	0	0	0	0	0	0	0	0	0
300G	0	0	0	0	0	0	0	0	0	0	0	0	0	0	0	0	0	0	0	0	0
301N	0	0	0	0	0	0	0	0	0	0	0	0	0	0	0	0	0	0	0	0	0
302N	0	0	0	0	0	0	0	0	0	0	0	0	0	0	0	0	0	0	0	0	0
303Q	0	0	0	0	0	0	0	0	0	0	0	0	0	0	0	0	0	0	0	0	0
304G	0	0	0	0	0	0	0	0	0	0	0	0	0	0	0	0	0	0	0	0	0
305S	0	0	0	0	0	1	0	0	0	0	0	0	0	0	0	0	0	0	0	0	0
306N	0	0	0	0	0	0	0	0	0	0	0	0	0	0	0	0	0	0	0	0	0
307M	0	0	0	0	0	0	0	0	0	0	0	0	0	0	0	0	0	0	0	0	0
308G	0	0	0	0	0	0	0	0	0	0	0	0	0	0	0	0	0	0	0	0	0
309G	0	0	0	0	0	0	0	0	0	0	0	0	0	0	0	0	0	0	0	0	0
310G	0	0	0	0	0	0	0	0	0	0	0	0	0	0	0	0	0	0	0	0	0
311M	0	0	0	0	0	0	0	0	0	0	0	0	0	0	0	0	0	0	0	0	0
312N	0	0	0	0	0	0	0	0	0	0	0	0	0	0	0	0	0	0	0	0	0
313F	0	0	0	0	0	0	0	0	0	0	0	0	0	0	0	0	0	0	0	0	0
